49 0 126.99618661 37.55782906
49 1 126.99673583 37.55782906
49 2 126.99728505000002 37.55782906
49 3 126.99783427 37.55782906
49 4 126.99838349000001 37.55782906
49 5 126.99893270999999 37.55782906
49 6 126.99948193 37.55782906
49 7 127.00003115000001 37.55782906
49 8 127.00058037 37.55782906
49 9 127.00112959 37.55782906
49 10 127.00167881000002 37.55782906
49 11 127.00222803 37.55782906
49 12 127.00277725000001 37.55782906
49 13 127.00332646999999 37.55782906
49 14 127.00387569 37.55782906
49 15 127.00442491000001 37.55782906
49 16 127.00497413 37.55782906
49 17 127.00552335 37.55782906
49 18 127.00607257000001 37.55782906
49 19 127.00662179 37.55782906
49 20 127.00717101000001 37.55782906
49 21 127.00772022999999 37.55782906
49 22 127.00826945 37.55782906
49 23 127.00881867000001 37.55782906
49 24 127.00936789 37.55782906
49 25 127.00991711 37.55782906
49 26 127.01046633000001 37.55782906
49 27 127.01101555 37.55782906
49 28 127.01156477 37.55782906
49 29 127.01211399000002 37.55782906
49 30 127.01266321 37.55782906
49 31 127.01321243000001 37.55782906
49 32 127.01376164999999 37.55782906
49 33 127.01431087 37.55782906
49 34 127.01486009000001 37.55782906
49 35 127.01540931 37.55782906
49 36 127.01595853 37.55782906
49 37 127.01650775000002 37.55782906
49 38 127.01705697 37.55782906
49 39 127.01760619000001 37.55782906
49 40 127.01815540999999 37.55782906
49 41 127.01870463 37.55782906
49 42 127.01925385000001 37.55782906
49 43 127.01980307 37.55782906
49 44 127.02035229 37.55782906
49 45 127.02090151000002 37.55782906
49 46 127.02145073 37.55782906
49 47 127.02199995000001 37.55782906
49 48 127.02254916999999 37.55782906
49 49 127.02309839 37.55782906
48 0 126.99618661 37.55810318
48 1 126.99673583 37.55810318
48 2 126.99728505000002 37.55810318
48 3 126.99783427 37.55810318
48 4 126.99838349000001 37.55810318
48 5 126.99893270999999 37.55810318
48 6 126.99948193 37.55810318
48 7 127.00003115000001 37.55810318
48 8 127.00058037 37.55810318
48 9 127.00112959 37.55810318
48 10 127.00167881000002 37.55810318
48 11 127.00222803 37.55810318
48 12 127.00277725000001 37.55810318
48 13 127.00332646999999 37.55810318
48 14 127.00387569 37.55810318
48 15 127.00442491000001 37.55810318
48 16 127.00497413 37.55810318
48 17 127.00552335 37.55810318
48 18 127.00607257000001 37.55810318
48 19 127.00662179 37.55810318
48 20 127.00717101000001 37.55810318
48 21 127.00772022999999 37.55810318
48 22 127.00826945 37.55810318
48 23 127.00881867000001 37.55810318
48 24 127.00936789 37.55810318
48 25 127.00991711 37.55810318
48 26 127.01046633000001 37.55810318
48 27 127.01101555 37.55810318
48 28 127.01156477 37.55810318
48 29 127.01211399000002 37.55810318
48 30 127.01266321 37.55810318
48 31 127.01321243000001 37.55810318
48 32 127.01376164999999 37.55810318
48 33 127.01431087 37.55810318
48 34 127.01486009000001 37.55810318
48 35 127.01540931 37.55810318
48 36 127.01595853 37.55810318
48 37 127.01650775000002 37.55810318
48 38 127.01705697 37.55810318
48 39 127.01760619000001 37.55810318
48 40 127.01815540999999 37.55810318
48 41 127.01870463 37.55810318
48 42 127.01925385000001 37.55810318
48 43 127.01980307 37.55810318
48 44 127.02035229 37.55810318
48 45 127.02090151000002 37.55810318
48 46 127.02145073 37.55810318
48 47 127.02199995000001 37.55810318
48 48 127.02254916999999 37.55810318
48 49 127.02309839 37.55810318
47 0 126.99618661 37.558377300000004
47 1 126.99673583 37.558377300000004
47 2 126.99728505000002 37.558377300000004
47 3 126.99783427 37.558377300000004
47 4 126.99838349000001 37.558377300000004
47 5 126.99893270999999 37.558377300000004
47 6 126.99948193 37.558377300000004
47 7 127.00003115000001 37.558377300000004
47 8 127.00058037 37.558377300000004
47 9 127.00112959 37.558377300000004
47 10 127.00167881000002 37.558377300000004
47 11 127.00222803 37.558377300000004
47 12 127.00277725000001 37.558377300000004
47 13 127.00332646999999 37.558377300000004
47 14 127.00387569 37.558377300000004
47 15 127.00442491000001 37.558377300000004
47 16 127.00497413 37.558377300000004
47 17 127.00552335 37.558377300000004
47 18 127.00607257000001 37.558377300000004
47 19 127.00662179 37.558377300000004
47 20 127.00717101000001 37.558377300000004
47 21 127.00772022999999 37.558377300000004
47 22 127.00826945 37.558377300000004
47 23 127.00881867000001 37.558377300000004
47 24 127.00936789 37.558377300000004
47 25 127.00991711 37.558377300000004
47 26 127.01046633000001 37.558377300000004
47 27 127.01101555 37.558377300000004
47 28 127.01156477 37.558377300000004
47 29 127.01211399000002 37.558377300000004
47 30 127.01266321 37.558377300000004
47 31 127.01321243000001 37.558377300000004
47 32 127.01376164999999 37.558377300000004
47 33 127.01431087 37.558377300000004
47 34 127.01486009000001 37.558377300000004
47 35 127.01540931 37.558377300000004
47 36 127.01595853 37.558377300000004
47 37 127.01650775000002 37.558377300000004
47 38 127.01705697 37.558377300000004
47 39 127.01760619000001 37.558377300000004
47 40 127.01815540999999 37.558377300000004
47 41 127.01870463 37.558377300000004
47 42 127.01925385000001 37.558377300000004
47 43 127.01980307 37.558377300000004
47 44 127.02035229 37.558377300000004
47 45 127.02090151000002 37.558377300000004
47 46 127.02145073 37.558377300000004
47 47 127.02199995000001 37.558377300000004
47 48 127.02254916999999 37.558377300000004
47 49 127.02309839 37.558377300000004
46 0 126.99618661 37.558651420000004
46 1 126.99673583 37.558651420000004
46 2 126.99728505000002 37.558651420000004
46 3 126.99783427 37.558651420000004
46 4 126.99838349000001 37.558651420000004
46 5 126.99893270999999 37.558651420000004
46 6 126.99948193 37.558651420000004
46 7 127.00003115000001 37.558651420000004
46 8 127.00058037 37.558651420000004
46 9 127.00112959 37.558651420000004
46 10 127.00167881000002 37.558651420000004
46 11 127.00222803 37.558651420000004
46 12 127.00277725000001 37.558651420000004
46 13 127.00332646999999 37.558651420000004
46 14 127.00387569 37.558651420000004
46 15 127.00442491000001 37.558651420000004
46 16 127.00497413 37.558651420000004
46 17 127.00552335 37.558651420000004
46 18 127.00607257000001 37.558651420000004
46 19 127.00662179 37.558651420000004
46 20 127.00717101000001 37.558651420000004
46 21 127.00772022999999 37.558651420000004
46 22 127.00826945 37.558651420000004
46 23 127.00881867000001 37.558651420000004
46 24 127.00936789 37.558651420000004
46 25 127.00991711 37.558651420000004
46 26 127.01046633000001 37.558651420000004
46 27 127.01101555 37.558651420000004
46 28 127.01156477 37.558651420000004
46 29 127.01211399000002 37.558651420000004
46 30 127.01266321 37.558651420000004
46 31 127.01321243000001 37.558651420000004
46 32 127.01376164999999 37.558651420000004
46 33 127.01431087 37.558651420000004
46 34 127.01486009000001 37.558651420000004
46 35 127.01540931 37.558651420000004
46 36 127.01595853 37.558651420000004
46 37 127.01650775000002 37.558651420000004
46 38 127.01705697 37.558651420000004
46 39 127.01760619000001 37.558651420000004
46 40 127.01815540999999 37.558651420000004
46 41 127.01870463 37.558651420000004
46 42 127.01925385000001 37.558651420000004
46 43 127.01980307 37.558651420000004
46 44 127.02035229 37.558651420000004
46 45 127.02090151000002 37.558651420000004
46 46 127.02145073 37.558651420000004
46 47 127.02199995000001 37.558651420000004
46 48 127.02254916999999 37.558651420000004
46 49 127.02309839 37.558651420000004
45 0 126.99618661 37.558925540000004
45 1 126.99673583 37.558925540000004
45 2 126.99728505000002 37.558925540000004
45 3 126.99783427 37.558925540000004
45 4 126.99838349000001 37.558925540000004
45 5 126.99893270999999 37.558925540000004
45 6 126.99948193 37.558925540000004
45 7 127.00003115000001 37.558925540000004
45 8 127.00058037 37.558925540000004
45 9 127.00112959 37.558925540000004
45 10 127.00167881000002 37.558925540000004
45 11 127.00222803 37.558925540000004
45 12 127.00277725000001 37.558925540000004
45 13 127.00332646999999 37.558925540000004
45 14 127.00387569 37.558925540000004
45 15 127.00442491000001 37.558925540000004
45 16 127.00497413 37.558925540000004
45 17 127.00552335 37.558925540000004
45 18 127.00607257000001 37.558925540000004
45 19 127.00662179 37.558925540000004
45 20 127.00717101000001 37.558925540000004
45 21 127.00772022999999 37.558925540000004
45 22 127.00826945 37.558925540000004
45 23 127.00881867000001 37.558925540000004
45 24 127.00936789 37.558925540000004
45 25 127.00991711 37.558925540000004
45 26 127.01046633000001 37.558925540000004
45 27 127.01101555 37.558925540000004
45 28 127.01156477 37.558925540000004
45 29 127.01211399000002 37.558925540000004
45 30 127.01266321 37.558925540000004
45 31 127.01321243000001 37.558925540000004
45 32 127.01376164999999 37.558925540000004
45 33 127.01431087 37.558925540000004
45 34 127.01486009000001 37.558925540000004
45 35 127.01540931 37.558925540000004
45 36 127.01595853 37.558925540000004
45 37 127.01650775000002 37.558925540000004
45 38 127.01705697 37.558925540000004
45 39 127.01760619000001 37.558925540000004
45 40 127.01815540999999 37.558925540000004
45 41 127.01870463 37.558925540000004
45 42 127.01925385000001 37.558925540000004
45 43 127.01980307 37.558925540000004
45 44 127.02035229 37.558925540000004
45 45 127.02090151000002 37.558925540000004
45 46 127.02145073 37.558925540000004
45 47 127.02199995000001 37.558925540000004
45 48 127.02254916999999 37.558925540000004
45 49 127.02309839 37.558925540000004
44 0 126.99618661 37.559199660000004
44 1 126.99673583 37.559199660000004
44 2 126.99728505000002 37.559199660000004
44 3 126.99783427 37.559199660000004
44 4 126.99838349000001 37.559199660000004
44 5 126.99893270999999 37.559199660000004
44 6 126.99948193 37.559199660000004
44 7 127.00003115000001 37.559199660000004
44 8 127.00058037 37.559199660000004
44 9 127.00112959 37.559199660000004
44 10 127.00167881000002 37.559199660000004
44 11 127.00222803 37.559199660000004
44 12 127.00277725000001 37.559199660000004
44 13 127.00332646999999 37.559199660000004
44 14 127.00387569 37.559199660000004
44 15 127.00442491000001 37.559199660000004
44 16 127.00497413 37.559199660000004
44 17 127.00552335 37.559199660000004
44 18 127.00607257000001 37.559199660000004
44 19 127.00662179 37.559199660000004
44 20 127.00717101000001 37.559199660000004
44 21 127.00772022999999 37.559199660000004
44 22 127.00826945 37.559199660000004
44 23 127.00881867000001 37.559199660000004
44 24 127.00936789 37.559199660000004
44 25 127.00991711 37.559199660000004
44 26 127.01046633000001 37.559199660000004
44 27 127.01101555 37.559199660000004
44 28 127.01156477 37.559199660000004
44 29 127.01211399000002 37.559199660000004
44 30 127.01266321 37.559199660000004
44 31 127.01321243000001 37.559199660000004
44 32 127.01376164999999 37.559199660000004
44 33 127.01431087 37.559199660000004
44 34 127.01486009000001 37.559199660000004
44 35 127.01540931 37.559199660000004
44 36 127.01595853 37.559199660000004
44 37 127.01650775000002 37.559199660000004
44 38 127.01705697 37.559199660000004
44 39 127.01760619000001 37.559199660000004
44 40 127.01815540999999 37.559199660000004
44 41 127.01870463 37.559199660000004
44 42 127.01925385000001 37.559199660000004
44 43 127.01980307 37.559199660000004
44 44 127.02035229 37.559199660000004
44 45 127.02090151000002 37.559199660000004
44 46 127.02145073 37.559199660000004
44 47 127.02199995000001 37.559199660000004
44 48 127.02254916999999 37.559199660000004
44 49 127.02309839 37.559199660000004
43 0 126.99618661 37.559473780000005
43 1 126.99673583 37.559473780000005
43 2 126.99728505000002 37.559473780000005
43 3 126.99783427 37.559473780000005
43 4 126.99838349000001 37.559473780000005
43 5 126.99893270999999 37.559473780000005
43 6 126.99948193 37.559473780000005
43 7 127.00003115000001 37.559473780000005
43 8 127.00058037 37.559473780000005
43 9 127.00112959 37.559473780000005
43 10 127.00167881000002 37.559473780000005
43 11 127.00222803 37.559473780000005
43 12 127.00277725000001 37.559473780000005
43 13 127.00332646999999 37.559473780000005
43 14 127.00387569 37.559473780000005
43 15 127.00442491000001 37.559473780000005
43 16 127.00497413 37.559473780000005
43 17 127.00552335 37.559473780000005
43 18 127.00607257000001 37.559473780000005
43 19 127.00662179 37.559473780000005
43 20 127.00717101000001 37.559473780000005
43 21 127.00772022999999 37.559473780000005
43 22 127.00826945 37.559473780000005
43 23 127.00881867000001 37.559473780000005
43 24 127.00936789 37.559473780000005
43 25 127.00991711 37.559473780000005
43 26 127.01046633000001 37.559473780000005
43 27 127.01101555 37.559473780000005
43 28 127.01156477 37.559473780000005
43 29 127.01211399000002 37.559473780000005
43 30 127.01266321 37.559473780000005
43 31 127.01321243000001 37.559473780000005
43 32 127.01376164999999 37.559473780000005
43 33 127.01431087 37.559473780000005
43 34 127.01486009000001 37.559473780000005
43 35 127.01540931 37.559473780000005
43 36 127.01595853 37.559473780000005
43 37 127.01650775000002 37.559473780000005
43 38 127.01705697 37.559473780000005
43 39 127.01760619000001 37.559473780000005
43 40 127.01815540999999 37.559473780000005
43 41 127.01870463 37.559473780000005
43 42 127.01925385000001 37.559473780000005
43 43 127.01980307 37.559473780000005
43 44 127.02035229 37.559473780000005
43 45 127.02090151000002 37.559473780000005
43 46 127.02145073 37.559473780000005
43 47 127.02199995000001 37.559473780000005
43 48 127.02254916999999 37.559473780000005
43 49 127.02309839 37.559473780000005
42 0 126.99618661 37.559747900000005
42 1 126.99673583 37.559747900000005
42 2 126.99728505000002 37.559747900000005
42 3 126.99783427 37.559747900000005
42 4 126.99838349000001 37.559747900000005
42 5 126.99893270999999 37.559747900000005
42 6 126.99948193 37.559747900000005
42 7 127.00003115000001 37.559747900000005
42 8 127.00058037 37.559747900000005
42 9 127.00112959 37.559747900000005
42 10 127.00167881000002 37.559747900000005
42 11 127.00222803 37.559747900000005
42 12 127.00277725000001 37.559747900000005
42 13 127.00332646999999 37.559747900000005
42 14 127.00387569 37.559747900000005
42 15 127.00442491000001 37.559747900000005
42 16 127.00497413 37.559747900000005
42 17 127.00552335 37.559747900000005
42 18 127.00607257000001 37.559747900000005
42 19 127.00662179 37.559747900000005
42 20 127.00717101000001 37.559747900000005
42 21 127.00772022999999 37.559747900000005
42 22 127.00826945 37.559747900000005
42 23 127.00881867000001 37.559747900000005
42 24 127.00936789 37.559747900000005
42 25 127.00991711 37.559747900000005
42 26 127.01046633000001 37.559747900000005
42 27 127.01101555 37.559747900000005
42 28 127.01156477 37.559747900000005
42 29 127.01211399000002 37.559747900000005
42 30 127.01266321 37.559747900000005
42 31 127.01321243000001 37.559747900000005
42 32 127.01376164999999 37.559747900000005
42 33 127.01431087 37.559747900000005
42 34 127.01486009000001 37.559747900000005
42 35 127.01540931 37.559747900000005
42 36 127.01595853 37.559747900000005
42 37 127.01650775000002 37.559747900000005
42 38 127.01705697 37.559747900000005
42 39 127.01760619000001 37.559747900000005
42 40 127.01815540999999 37.559747900000005
42 41 127.01870463 37.559747900000005
42 42 127.01925385000001 37.559747900000005
42 43 127.01980307 37.559747900000005
42 44 127.02035229 37.559747900000005
42 45 127.02090151000002 37.559747900000005
42 46 127.02145073 37.559747900000005
42 47 127.02199995000001 37.559747900000005
42 48 127.02254916999999 37.559747900000005
42 49 127.02309839 37.559747900000005
41 0 126.99618661 37.560022020000005
41 1 126.99673583 37.560022020000005
41 2 126.99728505000002 37.560022020000005
41 3 126.99783427 37.560022020000005
41 4 126.99838349000001 37.560022020000005
41 5 126.99893270999999 37.560022020000005
41 6 126.99948193 37.560022020000005
41 7 127.00003115000001 37.560022020000005
41 8 127.00058037 37.560022020000005
41 9 127.00112959 37.560022020000005
41 10 127.00167881000002 37.560022020000005
41 11 127.00222803 37.560022020000005
41 12 127.00277725000001 37.560022020000005
41 13 127.00332646999999 37.560022020000005
41 14 127.00387569 37.560022020000005
41 15 127.00442491000001 37.560022020000005
41 16 127.00497413 37.560022020000005
41 17 127.00552335 37.560022020000005
41 18 127.00607257000001 37.560022020000005
41 19 127.00662179 37.560022020000005
41 20 127.00717101000001 37.560022020000005
41 21 127.00772022999999 37.560022020000005
41 22 127.00826945 37.560022020000005
41 23 127.00881867000001 37.560022020000005
41 24 127.00936789 37.560022020000005
41 25 127.00991711 37.560022020000005
41 26 127.01046633000001 37.560022020000005
41 27 127.01101555 37.560022020000005
41 28 127.01156477 37.560022020000005
41 29 127.01211399000002 37.560022020000005
41 30 127.01266321 37.560022020000005
41 31 127.01321243000001 37.560022020000005
41 32 127.01376164999999 37.560022020000005
41 33 127.01431087 37.560022020000005
41 34 127.01486009000001 37.560022020000005
41 35 127.01540931 37.560022020000005
41 36 127.01595853 37.560022020000005
41 37 127.01650775000002 37.560022020000005
41 38 127.01705697 37.560022020000005
41 39 127.01760619000001 37.560022020000005
41 40 127.01815540999999 37.560022020000005
41 41 127.01870463 37.560022020000005
41 42 127.01925385000001 37.560022020000005
41 43 127.01980307 37.560022020000005
41 44 127.02035229 37.560022020000005
41 45 127.02090151000002 37.560022020000005
41 46 127.02145073 37.560022020000005
41 47 127.02199995000001 37.560022020000005
41 48 127.02254916999999 37.560022020000005
41 49 127.02309839 37.560022020000005
40 0 126.99618661 37.560296140000005
40 1 126.99673583 37.560296140000005
40 2 126.99728505000002 37.560296140000005
40 3 126.99783427 37.560296140000005
40 4 126.99838349000001 37.560296140000005
40 5 126.99893270999999 37.560296140000005
40 6 126.99948193 37.560296140000005
40 7 127.00003115000001 37.560296140000005
40 8 127.00058037 37.560296140000005
40 9 127.00112959 37.560296140000005
40 10 127.00167881000002 37.560296140000005
40 11 127.00222803 37.560296140000005
40 12 127.00277725000001 37.560296140000005
40 13 127.00332646999999 37.560296140000005
40 14 127.00387569 37.560296140000005
40 15 127.00442491000001 37.560296140000005
40 16 127.00497413 37.560296140000005
40 17 127.00552335 37.560296140000005
40 18 127.00607257000001 37.560296140000005
40 19 127.00662179 37.560296140000005
40 20 127.00717101000001 37.560296140000005
40 21 127.00772022999999 37.560296140000005
40 22 127.00826945 37.560296140000005
40 23 127.00881867000001 37.560296140000005
40 24 127.00936789 37.560296140000005
40 25 127.00991711 37.560296140000005
40 26 127.01046633000001 37.560296140000005
40 27 127.01101555 37.560296140000005
40 28 127.01156477 37.560296140000005
40 29 127.01211399000002 37.560296140000005
40 30 127.01266321 37.560296140000005
40 31 127.01321243000001 37.560296140000005
40 32 127.01376164999999 37.560296140000005
40 33 127.01431087 37.560296140000005
40 34 127.01486009000001 37.560296140000005
40 35 127.01540931 37.560296140000005
40 36 127.01595853 37.560296140000005
40 37 127.01650775000002 37.560296140000005
40 38 127.01705697 37.560296140000005
40 39 127.01760619000001 37.560296140000005
40 40 127.01815540999999 37.560296140000005
40 41 127.01870463 37.560296140000005
40 42 127.01925385000001 37.560296140000005
40 43 127.01980307 37.560296140000005
40 44 127.02035229 37.560296140000005
40 45 127.02090151000002 37.560296140000005
40 46 127.02145073 37.560296140000005
40 47 127.02199995000001 37.560296140000005
40 48 127.02254916999999 37.560296140000005
40 49 127.02309839 37.560296140000005
39 0 126.99618661 37.560570260000006
39 1 126.99673583 37.560570260000006
39 2 126.99728505000002 37.560570260000006
39 3 126.99783427 37.560570260000006
39 4 126.99838349000001 37.560570260000006
39 5 126.99893270999999 37.560570260000006
39 6 126.99948193 37.560570260000006
39 7 127.00003115000001 37.560570260000006
39 8 127.00058037 37.560570260000006
39 9 127.00112959 37.560570260000006
39 10 127.00167881000002 37.560570260000006
39 11 127.00222803 37.560570260000006
39 12 127.00277725000001 37.560570260000006
39 13 127.00332646999999 37.560570260000006
39 14 127.00387569 37.560570260000006
39 15 127.00442491000001 37.560570260000006
39 16 127.00497413 37.560570260000006
39 17 127.00552335 37.560570260000006
39 18 127.00607257000001 37.560570260000006
39 19 127.00662179 37.560570260000006
39 20 127.00717101000001 37.560570260000006
39 21 127.00772022999999 37.560570260000006
39 22 127.00826945 37.560570260000006
39 23 127.00881867000001 37.560570260000006
39 24 127.00936789 37.560570260000006
39 25 127.00991711 37.560570260000006
39 26 127.01046633000001 37.560570260000006
39 27 127.01101555 37.560570260000006
39 28 127.01156477 37.560570260000006
39 29 127.01211399000002 37.560570260000006
39 30 127.01266321 37.560570260000006
39 31 127.01321243000001 37.560570260000006
39 32 127.01376164999999 37.560570260000006
39 33 127.01431087 37.560570260000006
39 34 127.01486009000001 37.560570260000006
39 35 127.01540931 37.560570260000006
39 36 127.01595853 37.560570260000006
39 37 127.01650775000002 37.560570260000006
39 38 127.01705697 37.560570260000006
39 39 127.01760619000001 37.560570260000006
39 40 127.01815540999999 37.560570260000006
39 41 127.01870463 37.560570260000006
39 42 127.01925385000001 37.560570260000006
39 43 127.01980307 37.560570260000006
39 44 127.02035229 37.560570260000006
39 45 127.02090151000002 37.560570260000006
39 46 127.02145073 37.560570260000006
39 47 127.02199995000001 37.560570260000006
39 48 127.02254916999999 37.560570260000006
39 49 127.02309839 37.560570260000006
38 0 126.99618661 37.560844380000006
38 1 126.99673583 37.560844380000006
38 2 126.99728505000002 37.560844380000006
38 3 126.99783427 37.560844380000006
38 4 126.99838349000001 37.560844380000006
38 5 126.99893270999999 37.560844380000006
38 6 126.99948193 37.560844380000006
38 7 127.00003115000001 37.560844380000006
38 8 127.00058037 37.560844380000006
38 9 127.00112959 37.560844380000006
38 10 127.00167881000002 37.560844380000006
38 11 127.00222803 37.560844380000006
38 12 127.00277725000001 37.560844380000006
38 13 127.00332646999999 37.560844380000006
38 14 127.00387569 37.560844380000006
38 15 127.00442491000001 37.560844380000006
38 16 127.00497413 37.560844380000006
38 17 127.00552335 37.560844380000006
38 18 127.00607257000001 37.560844380000006
38 19 127.00662179 37.560844380000006
38 20 127.00717101000001 37.560844380000006
38 21 127.00772022999999 37.560844380000006
38 22 127.00826945 37.560844380000006
38 23 127.00881867000001 37.560844380000006
38 24 127.00936789 37.560844380000006
38 25 127.00991711 37.560844380000006
38 26 127.01046633000001 37.560844380000006
38 27 127.01101555 37.560844380000006
38 28 127.01156477 37.560844380000006
38 29 127.01211399000002 37.560844380000006
38 30 127.01266321 37.560844380000006
38 31 127.01321243000001 37.560844380000006
38 32 127.01376164999999 37.560844380000006
38 33 127.01431087 37.560844380000006
38 34 127.01486009000001 37.560844380000006
38 35 127.01540931 37.560844380000006
38 36 127.01595853 37.560844380000006
38 37 127.01650775000002 37.560844380000006
38 38 127.01705697 37.560844380000006
38 39 127.01760619000001 37.560844380000006
38 40 127.01815540999999 37.560844380000006
38 41 127.01870463 37.560844380000006
38 42 127.01925385000001 37.560844380000006
38 43 127.01980307 37.560844380000006
38 44 127.02035229 37.560844380000006
38 45 127.02090151000002 37.560844380000006
38 46 127.02145073 37.560844380000006
38 47 127.02199995000001 37.560844380000006
38 48 127.02254916999999 37.560844380000006
38 49 127.02309839 37.560844380000006
37 0 126.99618661 37.561118500000006
37 1 126.99673583 37.561118500000006
37 2 126.99728505000002 37.561118500000006
37 3 126.99783427 37.561118500000006
37 4 126.99838349000001 37.561118500000006
37 5 126.99893270999999 37.561118500000006
37 6 126.99948193 37.561118500000006
37 7 127.00003115000001 37.561118500000006
37 8 127.00058037 37.561118500000006
37 9 127.00112959 37.561118500000006
37 10 127.00167881000002 37.561118500000006
37 11 127.00222803 37.561118500000006
37 12 127.00277725000001 37.561118500000006
37 13 127.00332646999999 37.561118500000006
37 14 127.00387569 37.561118500000006
37 15 127.00442491000001 37.561118500000006
37 16 127.00497413 37.561118500000006
37 17 127.00552335 37.561118500000006
37 18 127.00607257000001 37.561118500000006
37 19 127.00662179 37.561118500000006
37 20 127.00717101000001 37.561118500000006
37 21 127.00772022999999 37.561118500000006
37 22 127.00826945 37.561118500000006
37 23 127.00881867000001 37.561118500000006
37 24 127.00936789 37.561118500000006
37 25 127.00991711 37.561118500000006
37 26 127.01046633000001 37.561118500000006
37 27 127.01101555 37.561118500000006
37 28 127.01156477 37.561118500000006
37 29 127.01211399000002 37.561118500000006
37 30 127.01266321 37.561118500000006
37 31 127.01321243000001 37.561118500000006
37 32 127.01376164999999 37.561118500000006
37 33 127.01431087 37.561118500000006
37 34 127.01486009000001 37.561118500000006
37 35 127.01540931 37.561118500000006
37 36 127.01595853 37.561118500000006
37 37 127.01650775000002 37.561118500000006
37 38 127.01705697 37.561118500000006
37 39 127.01760619000001 37.561118500000006
37 40 127.01815540999999 37.561118500000006
37 41 127.01870463 37.561118500000006
37 42 127.01925385000001 37.561118500000006
37 43 127.01980307 37.561118500000006
37 44 127.02035229 37.561118500000006
37 45 127.02090151000002 37.561118500000006
37 46 127.02145073 37.561118500000006
37 47 127.02199995000001 37.561118500000006
37 48 127.02254916999999 37.561118500000006
37 49 127.02309839 37.561118500000006
36 0 126.99618661 37.56139262
36 1 126.99673583 37.56139262
36 2 126.99728505000002 37.56139262
36 3 126.99783427 37.56139262
36 4 126.99838349000001 37.56139262
36 5 126.99893270999999 37.56139262
36 6 126.99948193 37.56139262
36 7 127.00003115000001 37.56139262
36 8 127.00058037 37.56139262
36 9 127.00112959 37.56139262
36 10 127.00167881000002 37.56139262
36 11 127.00222803 37.56139262
36 12 127.00277725000001 37.56139262
36 13 127.00332646999999 37.56139262
36 14 127.00387569 37.56139262
36 15 127.00442491000001 37.56139262
36 16 127.00497413 37.56139262
36 17 127.00552335 37.56139262
36 18 127.00607257000001 37.56139262
36 19 127.00662179 37.56139262
36 20 127.00717101000001 37.56139262
36 21 127.00772022999999 37.56139262
36 22 127.00826945 37.56139262
36 23 127.00881867000001 37.56139262
36 24 127.00936789 37.56139262
36 25 127.00991711 37.56139262
36 26 127.01046633000001 37.56139262
36 27 127.01101555 37.56139262
36 28 127.01156477 37.56139262
36 29 127.01211399000002 37.56139262
36 30 127.01266321 37.56139262
36 31 127.01321243000001 37.56139262
36 32 127.01376164999999 37.56139262
36 33 127.01431087 37.56139262
36 34 127.01486009000001 37.56139262
36 35 127.01540931 37.56139262
36 36 127.01595853 37.56139262
36 37 127.01650775000002 37.56139262
36 38 127.01705697 37.56139262
36 39 127.01760619000001 37.56139262
36 40 127.01815540999999 37.56139262
36 41 127.01870463 37.56139262
36 42 127.01925385000001 37.56139262
36 43 127.01980307 37.56139262
36 44 127.02035229 37.56139262
36 45 127.02090151000002 37.56139262
36 46 127.02145073 37.56139262
36 47 127.02199995000001 37.56139262
36 48 127.02254916999999 37.56139262
36 49 127.02309839 37.56139262
35 0 126.99618661 37.56166674
35 1 126.99673583 37.56166674
35 2 126.99728505000002 37.56166674
35 3 126.99783427 37.56166674
35 4 126.99838349000001 37.56166674
35 5 126.99893270999999 37.56166674
35 6 126.99948193 37.56166674
35 7 127.00003115000001 37.56166674
35 8 127.00058037 37.56166674
35 9 127.00112959 37.56166674
35 10 127.00167881000002 37.56166674
35 11 127.00222803 37.56166674
35 12 127.00277725000001 37.56166674
35 13 127.00332646999999 37.56166674
35 14 127.00387569 37.56166674
35 15 127.00442491000001 37.56166674
35 16 127.00497413 37.56166674
35 17 127.00552335 37.56166674
35 18 127.00607257000001 37.56166674
35 19 127.00662179 37.56166674
35 20 127.00717101000001 37.56166674
35 21 127.00772022999999 37.56166674
35 22 127.00826945 37.56166674
35 23 127.00881867000001 37.56166674
35 24 127.00936789 37.56166674
35 25 127.00991711 37.56166674
35 26 127.01046633000001 37.56166674
35 27 127.01101555 37.56166674
35 28 127.01156477 37.56166674
35 29 127.01211399000002 37.56166674
35 30 127.01266321 37.56166674
35 31 127.01321243000001 37.56166674
35 32 127.01376164999999 37.56166674
35 33 127.01431087 37.56166674
35 34 127.01486009000001 37.56166674
35 35 127.01540931 37.56166674
35 36 127.01595853 37.56166674
35 37 127.01650775000002 37.56166674
35 38 127.01705697 37.56166674
35 39 127.01760619000001 37.56166674
35 40 127.01815540999999 37.56166674
35 41 127.01870463 37.56166674
35 42 127.01925385000001 37.56166674
35 43 127.01980307 37.56166674
35 44 127.02035229 37.56166674
35 45 127.02090151000002 37.56166674
35 46 127.02145073 37.56166674
35 47 127.02199995000001 37.56166674
35 48 127.02254916999999 37.56166674
35 49 127.02309839 37.56166674
34 0 126.99618661 37.56194086
34 1 126.99673583 37.56194086
34 2 126.99728505000002 37.56194086
34 3 126.99783427 37.56194086
34 4 126.99838349000001 37.56194086
34 5 126.99893270999999 37.56194086
34 6 126.99948193 37.56194086
34 7 127.00003115000001 37.56194086
34 8 127.00058037 37.56194086
34 9 127.00112959 37.56194086
34 10 127.00167881000002 37.56194086
34 11 127.00222803 37.56194086
34 12 127.00277725000001 37.56194086
34 13 127.00332646999999 37.56194086
34 14 127.00387569 37.56194086
34 15 127.00442491000001 37.56194086
34 16 127.00497413 37.56194086
34 17 127.00552335 37.56194086
34 18 127.00607257000001 37.56194086
34 19 127.00662179 37.56194086
34 20 127.00717101000001 37.56194086
34 21 127.00772022999999 37.56194086
34 22 127.00826945 37.56194086
34 23 127.00881867000001 37.56194086
34 24 127.00936789 37.56194086
34 25 127.00991711 37.56194086
34 26 127.01046633000001 37.56194086
34 27 127.01101555 37.56194086
34 28 127.01156477 37.56194086
34 29 127.01211399000002 37.56194086
34 30 127.01266321 37.56194086
34 31 127.01321243000001 37.56194086
34 32 127.01376164999999 37.56194086
34 33 127.01431087 37.56194086
34 34 127.01486009000001 37.56194086
34 35 127.01540931 37.56194086
34 36 127.01595853 37.56194086
34 37 127.01650775000002 37.56194086
34 38 127.01705697 37.56194086
34 39 127.01760619000001 37.56194086
34 40 127.01815540999999 37.56194086
34 41 127.01870463 37.56194086
34 42 127.01925385000001 37.56194086
34 43 127.01980307 37.56194086
34 44 127.02035229 37.56194086
34 45 127.02090151000002 37.56194086
34 46 127.02145073 37.56194086
34 47 127.02199995000001 37.56194086
34 48 127.02254916999999 37.56194086
34 49 127.02309839 37.56194086
33 0 126.99618661 37.56221498
33 1 126.99673583 37.56221498
33 2 126.99728505000002 37.56221498
33 3 126.99783427 37.56221498
33 4 126.99838349000001 37.56221498
33 5 126.99893270999999 37.56221498
33 6 126.99948193 37.56221498
33 7 127.00003115000001 37.56221498
33 8 127.00058037 37.56221498
33 9 127.00112959 37.56221498
33 10 127.00167881000002 37.56221498
33 11 127.00222803 37.56221498
33 12 127.00277725000001 37.56221498
33 13 127.00332646999999 37.56221498
33 14 127.00387569 37.56221498
33 15 127.00442491000001 37.56221498
33 16 127.00497413 37.56221498
33 17 127.00552335 37.56221498
33 18 127.00607257000001 37.56221498
33 19 127.00662179 37.56221498
33 20 127.00717101000001 37.56221498
33 21 127.00772022999999 37.56221498
33 22 127.00826945 37.56221498
33 23 127.00881867000001 37.56221498
33 24 127.00936789 37.56221498
33 25 127.00991711 37.56221498
33 26 127.01046633000001 37.56221498
33 27 127.01101555 37.56221498
33 28 127.01156477 37.56221498
33 29 127.01211399000002 37.56221498
33 30 127.01266321 37.56221498
33 31 127.01321243000001 37.56221498
33 32 127.01376164999999 37.56221498
33 33 127.01431087 37.56221498
33 34 127.01486009000001 37.56221498
33 35 127.01540931 37.56221498
33 36 127.01595853 37.56221498
33 37 127.01650775000002 37.56221498
33 38 127.01705697 37.56221498
33 39 127.01760619000001 37.56221498
33 40 127.01815540999999 37.56221498
33 41 127.01870463 37.56221498
33 42 127.01925385000001 37.56221498
33 43 127.01980307 37.56221498
33 44 127.02035229 37.56221498
33 45 127.02090151000002 37.56221498
33 46 127.02145073 37.56221498
33 47 127.02199995000001 37.56221498
33 48 127.02254916999999 37.56221498
33 49 127.02309839 37.56221498
32 0 126.99618661 37.5624891
32 1 126.99673583 37.5624891
32 2 126.99728505000002 37.5624891
32 3 126.99783427 37.5624891
32 4 126.99838349000001 37.5624891
32 5 126.99893270999999 37.5624891
32 6 126.99948193 37.5624891
32 7 127.00003115000001 37.5624891
32 8 127.00058037 37.5624891
32 9 127.00112959 37.5624891
32 10 127.00167881000002 37.5624891
32 11 127.00222803 37.5624891
32 12 127.00277725000001 37.5624891
32 13 127.00332646999999 37.5624891
32 14 127.00387569 37.5624891
32 15 127.00442491000001 37.5624891
32 16 127.00497413 37.5624891
32 17 127.00552335 37.5624891
32 18 127.00607257000001 37.5624891
32 19 127.00662179 37.5624891
32 20 127.00717101000001 37.5624891
32 21 127.00772022999999 37.5624891
32 22 127.00826945 37.5624891
32 23 127.00881867000001 37.5624891
32 24 127.00936789 37.5624891
32 25 127.00991711 37.5624891
32 26 127.01046633000001 37.5624891
32 27 127.01101555 37.5624891
32 28 127.01156477 37.5624891
32 29 127.01211399000002 37.5624891
32 30 127.01266321 37.5624891
32 31 127.01321243000001 37.5624891
32 32 127.01376164999999 37.5624891
32 33 127.01431087 37.5624891
32 34 127.01486009000001 37.5624891
32 35 127.01540931 37.5624891
32 36 127.01595853 37.5624891
32 37 127.01650775000002 37.5624891
32 38 127.01705697 37.5624891
32 39 127.01760619000001 37.5624891
32 40 127.01815540999999 37.5624891
32 41 127.01870463 37.5624891
32 42 127.01925385000001 37.5624891
32 43 127.01980307 37.5624891
32 44 127.02035229 37.5624891
32 45 127.02090151000002 37.5624891
32 46 127.02145073 37.5624891
32 47 127.02199995000001 37.5624891
32 48 127.02254916999999 37.5624891
32 49 127.02309839 37.5624891
31 0 126.99618661 37.56276322
31 1 126.99673583 37.56276322
31 2 126.99728505000002 37.56276322
31 3 126.99783427 37.56276322
31 4 126.99838349000001 37.56276322
31 5 126.99893270999999 37.56276322
31 6 126.99948193 37.56276322
31 7 127.00003115000001 37.56276322
31 8 127.00058037 37.56276322
31 9 127.00112959 37.56276322
31 10 127.00167881000002 37.56276322
31 11 127.00222803 37.56276322
31 12 127.00277725000001 37.56276322
31 13 127.00332646999999 37.56276322
31 14 127.00387569 37.56276322
31 15 127.00442491000001 37.56276322
31 16 127.00497413 37.56276322
31 17 127.00552335 37.56276322
31 18 127.00607257000001 37.56276322
31 19 127.00662179 37.56276322
31 20 127.00717101000001 37.56276322
31 21 127.00772022999999 37.56276322
31 22 127.00826945 37.56276322
31 23 127.00881867000001 37.56276322
31 24 127.00936789 37.56276322
31 25 127.00991711 37.56276322
31 26 127.01046633000001 37.56276322
31 27 127.01101555 37.56276322
31 28 127.01156477 37.56276322
31 29 127.01211399000002 37.56276322
31 30 127.01266321 37.56276322
31 31 127.01321243000001 37.56276322
31 32 127.01376164999999 37.56276322
31 33 127.01431087 37.56276322
31 34 127.01486009000001 37.56276322
31 35 127.01540931 37.56276322
31 36 127.01595853 37.56276322
31 37 127.01650775000002 37.56276322
31 38 127.01705697 37.56276322
31 39 127.01760619000001 37.56276322
31 40 127.01815540999999 37.56276322
31 41 127.01870463 37.56276322
31 42 127.01925385000001 37.56276322
31 43 127.01980307 37.56276322
31 44 127.02035229 37.56276322
31 45 127.02090151000002 37.56276322
31 46 127.02145073 37.56276322
31 47 127.02199995000001 37.56276322
31 48 127.02254916999999 37.56276322
31 49 127.02309839 37.56276322
30 0 126.99618661 37.56303734
30 1 126.99673583 37.56303734
30 2 126.99728505000002 37.56303734
30 3 126.99783427 37.56303734
30 4 126.99838349000001 37.56303734
30 5 126.99893270999999 37.56303734
30 6 126.99948193 37.56303734
30 7 127.00003115000001 37.56303734
30 8 127.00058037 37.56303734
30 9 127.00112959 37.56303734
30 10 127.00167881000002 37.56303734
30 11 127.00222803 37.56303734
30 12 127.00277725000001 37.56303734
30 13 127.00332646999999 37.56303734
30 14 127.00387569 37.56303734
30 15 127.00442491000001 37.56303734
30 16 127.00497413 37.56303734
30 17 127.00552335 37.56303734
30 18 127.00607257000001 37.56303734
30 19 127.00662179 37.56303734
30 20 127.00717101000001 37.56303734
30 21 127.00772022999999 37.56303734
30 22 127.00826945 37.56303734
30 23 127.00881867000001 37.56303734
30 24 127.00936789 37.56303734
30 25 127.00991711 37.56303734
30 26 127.01046633000001 37.56303734
30 27 127.01101555 37.56303734
30 28 127.01156477 37.56303734
30 29 127.01211399000002 37.56303734
30 30 127.01266321 37.56303734
30 31 127.01321243000001 37.56303734
30 32 127.01376164999999 37.56303734
30 33 127.01431087 37.56303734
30 34 127.01486009000001 37.56303734
30 35 127.01540931 37.56303734
30 36 127.01595853 37.56303734
30 37 127.01650775000002 37.56303734
30 38 127.01705697 37.56303734
30 39 127.01760619000001 37.56303734
30 40 127.01815540999999 37.56303734
30 41 127.01870463 37.56303734
30 42 127.01925385000001 37.56303734
30 43 127.01980307 37.56303734
30 44 127.02035229 37.56303734
30 45 127.02090151000002 37.56303734
30 46 127.02145073 37.56303734
30 47 127.02199995000001 37.56303734
30 48 127.02254916999999 37.56303734
30 49 127.02309839 37.56303734
29 0 126.99618661 37.56331146
29 1 126.99673583 37.56331146
29 2 126.99728505000002 37.56331146
29 3 126.99783427 37.56331146
29 4 126.99838349000001 37.56331146
29 5 126.99893270999999 37.56331146
29 6 126.99948193 37.56331146
29 7 127.00003115000001 37.56331146
29 8 127.00058037 37.56331146
29 9 127.00112959 37.56331146
29 10 127.00167881000002 37.56331146
29 11 127.00222803 37.56331146
29 12 127.00277725000001 37.56331146
29 13 127.00332646999999 37.56331146
29 14 127.00387569 37.56331146
29 15 127.00442491000001 37.56331146
29 16 127.00497413 37.56331146
29 17 127.00552335 37.56331146
29 18 127.00607257000001 37.56331146
29 19 127.00662179 37.56331146
29 20 127.00717101000001 37.56331146
29 21 127.00772022999999 37.56331146
29 22 127.00826945 37.56331146
29 23 127.00881867000001 37.56331146
29 24 127.00936789 37.56331146
29 25 127.00991711 37.56331146
29 26 127.01046633000001 37.56331146
29 27 127.01101555 37.56331146
29 28 127.01156477 37.56331146
29 29 127.01211399000002 37.56331146
29 30 127.01266321 37.56331146
29 31 127.01321243000001 37.56331146
29 32 127.01376164999999 37.56331146
29 33 127.01431087 37.56331146
29 34 127.01486009000001 37.56331146
29 35 127.01540931 37.56331146
29 36 127.01595853 37.56331146
29 37 127.01650775000002 37.56331146
29 38 127.01705697 37.56331146
29 39 127.01760619000001 37.56331146
29 40 127.01815540999999 37.56331146
29 41 127.01870463 37.56331146
29 42 127.01925385000001 37.56331146
29 43 127.01980307 37.56331146
29 44 127.02035229 37.56331146
29 45 127.02090151000002 37.56331146
29 46 127.02145073 37.56331146
29 47 127.02199995000001 37.56331146
29 48 127.02254916999999 37.56331146
29 49 127.02309839 37.56331146
28 0 126.99618661 37.56358558
28 1 126.99673583 37.56358558
28 2 126.99728505000002 37.56358558
28 3 126.99783427 37.56358558
28 4 126.99838349000001 37.56358558
28 5 126.99893270999999 37.56358558
28 6 126.99948193 37.56358558
28 7 127.00003115000001 37.56358558
28 8 127.00058037 37.56358558
28 9 127.00112959 37.56358558
28 10 127.00167881000002 37.56358558
28 11 127.00222803 37.56358558
28 12 127.00277725000001 37.56358558
28 13 127.00332646999999 37.56358558
28 14 127.00387569 37.56358558
28 15 127.00442491000001 37.56358558
28 16 127.00497413 37.56358558
28 17 127.00552335 37.56358558
28 18 127.00607257000001 37.56358558
28 19 127.00662179 37.56358558
28 20 127.00717101000001 37.56358558
28 21 127.00772022999999 37.56358558
28 22 127.00826945 37.56358558
28 23 127.00881867000001 37.56358558
28 24 127.00936789 37.56358558
28 25 127.00991711 37.56358558
28 26 127.01046633000001 37.56358558
28 27 127.01101555 37.56358558
28 28 127.01156477 37.56358558
28 29 127.01211399000002 37.56358558
28 30 127.01266321 37.56358558
28 31 127.01321243000001 37.56358558
28 32 127.01376164999999 37.56358558
28 33 127.01431087 37.56358558
28 34 127.01486009000001 37.56358558
28 35 127.01540931 37.56358558
28 36 127.01595853 37.56358558
28 37 127.01650775000002 37.56358558
28 38 127.01705697 37.56358558
28 39 127.01760619000001 37.56358558
28 40 127.01815540999999 37.56358558
28 41 127.01870463 37.56358558
28 42 127.01925385000001 37.56358558
28 43 127.01980307 37.56358558
28 44 127.02035229 37.56358558
28 45 127.02090151000002 37.56358558
28 46 127.02145073 37.56358558
28 47 127.02199995000001 37.56358558
28 48 127.02254916999999 37.56358558
28 49 127.02309839 37.56358558
27 0 126.99618661 37.5638597
27 1 126.99673583 37.5638597
27 2 126.99728505000002 37.5638597
27 3 126.99783427 37.5638597
27 4 126.99838349000001 37.5638597
27 5 126.99893270999999 37.5638597
27 6 126.99948193 37.5638597
27 7 127.00003115000001 37.5638597
27 8 127.00058037 37.5638597
27 9 127.00112959 37.5638597
27 10 127.00167881000002 37.5638597
27 11 127.00222803 37.5638597
27 12 127.00277725000001 37.5638597
27 13 127.00332646999999 37.5638597
27 14 127.00387569 37.5638597
27 15 127.00442491000001 37.5638597
27 16 127.00497413 37.5638597
27 17 127.00552335 37.5638597
27 18 127.00607257000001 37.5638597
27 19 127.00662179 37.5638597
27 20 127.00717101000001 37.5638597
27 21 127.00772022999999 37.5638597
27 22 127.00826945 37.5638597
27 23 127.00881867000001 37.5638597
27 24 127.00936789 37.5638597
27 25 127.00991711 37.5638597
27 26 127.01046633000001 37.5638597
27 27 127.01101555 37.5638597
27 28 127.01156477 37.5638597
27 29 127.01211399000002 37.5638597
27 30 127.01266321 37.5638597
27 31 127.01321243000001 37.5638597
27 32 127.01376164999999 37.5638597
27 33 127.01431087 37.5638597
27 34 127.01486009000001 37.5638597
27 35 127.01540931 37.5638597
27 36 127.01595853 37.5638597
27 37 127.01650775000002 37.5638597
27 38 127.01705697 37.5638597
27 39 127.01760619000001 37.5638597
27 40 127.01815540999999 37.5638597
27 41 127.01870463 37.5638597
27 42 127.01925385000001 37.5638597
27 43 127.01980307 37.5638597
27 44 127.02035229 37.5638597
27 45 127.02090151000002 37.5638597
27 46 127.02145073 37.5638597
27 47 127.02199995000001 37.5638597
27 48 127.02254916999999 37.5638597
27 49 127.02309839 37.5638597
26 0 126.99618661 37.56413382
26 1 126.99673583 37.56413382
26 2 126.99728505000002 37.56413382
26 3 126.99783427 37.56413382
26 4 126.99838349000001 37.56413382
26 5 126.99893270999999 37.56413382
26 6 126.99948193 37.56413382
26 7 127.00003115000001 37.56413382
26 8 127.00058037 37.56413382
26 9 127.00112959 37.56413382
26 10 127.00167881000002 37.56413382
26 11 127.00222803 37.56413382
26 12 127.00277725000001 37.56413382
26 13 127.00332646999999 37.56413382
26 14 127.00387569 37.56413382
26 15 127.00442491000001 37.56413382
26 16 127.00497413 37.56413382
26 17 127.00552335 37.56413382
26 18 127.00607257000001 37.56413382
26 19 127.00662179 37.56413382
26 20 127.00717101000001 37.56413382
26 21 127.00772022999999 37.56413382
26 22 127.00826945 37.56413382
26 23 127.00881867000001 37.56413382
26 24 127.00936789 37.56413382
26 25 127.00991711 37.56413382
26 26 127.01046633000001 37.56413382
26 27 127.01101555 37.56413382
26 28 127.01156477 37.56413382
26 29 127.01211399000002 37.56413382
26 30 127.01266321 37.56413382
26 31 127.01321243000001 37.56413382
26 32 127.01376164999999 37.56413382
26 33 127.01431087 37.56413382
26 34 127.01486009000001 37.56413382
26 35 127.01540931 37.56413382
26 36 127.01595853 37.56413382
26 37 127.01650775000002 37.56413382
26 38 127.01705697 37.56413382
26 39 127.01760619000001 37.56413382
26 40 127.01815540999999 37.56413382
26 41 127.01870463 37.56413382
26 42 127.01925385000001 37.56413382
26 43 127.01980307 37.56413382
26 44 127.02035229 37.56413382
26 45 127.02090151000002 37.56413382
26 46 127.02145073 37.56413382
26 47 127.02199995000001 37.56413382
26 48 127.02254916999999 37.56413382
26 49 127.02309839 37.56413382
25 0 126.99618661 37.56440794
25 1 126.99673583 37.56440794
25 2 126.99728505000002 37.56440794
25 3 126.99783427 37.56440794
25 4 126.99838349000001 37.56440794
25 5 126.99893270999999 37.56440794
25 6 126.99948193 37.56440794
25 7 127.00003115000001 37.56440794
25 8 127.00058037 37.56440794
25 9 127.00112959 37.56440794
25 10 127.00167881000002 37.56440794
25 11 127.00222803 37.56440794
25 12 127.00277725000001 37.56440794
25 13 127.00332646999999 37.56440794
25 14 127.00387569 37.56440794
25 15 127.00442491000001 37.56440794
25 16 127.00497413 37.56440794
25 17 127.00552335 37.56440794
25 18 127.00607257000001 37.56440794
25 19 127.00662179 37.56440794
25 20 127.00717101000001 37.56440794
25 21 127.00772022999999 37.56440794
25 22 127.00826945 37.56440794
25 23 127.00881867000001 37.56440794
25 24 127.00936789 37.56440794
25 25 127.00991711 37.56440794
25 26 127.01046633000001 37.56440794
25 27 127.01101555 37.56440794
25 28 127.01156477 37.56440794
25 29 127.01211399000002 37.56440794
25 30 127.01266321 37.56440794
25 31 127.01321243000001 37.56440794
25 32 127.01376164999999 37.56440794
25 33 127.01431087 37.56440794
25 34 127.01486009000001 37.56440794
25 35 127.01540931 37.56440794
25 36 127.01595853 37.56440794
25 37 127.01650775000002 37.56440794
25 38 127.01705697 37.56440794
25 39 127.01760619000001 37.56440794
25 40 127.01815540999999 37.56440794
25 41 127.01870463 37.56440794
25 42 127.01925385000001 37.56440794
25 43 127.01980307 37.56440794
25 44 127.02035229 37.56440794
25 45 127.02090151000002 37.56440794
25 46 127.02145073 37.56440794
25 47 127.02199995000001 37.56440794
25 48 127.02254916999999 37.56440794
25 49 127.02309839 37.56440794
24 0 126.99618661 37.56468206
24 1 126.99673583 37.56468206
24 2 126.99728505000002 37.56468206
24 3 126.99783427 37.56468206
24 4 126.99838349000001 37.56468206
24 5 126.99893270999999 37.56468206
24 6 126.99948193 37.56468206
24 7 127.00003115000001 37.56468206
24 8 127.00058037 37.56468206
24 9 127.00112959 37.56468206
24 10 127.00167881000002 37.56468206
24 11 127.00222803 37.56468206
24 12 127.00277725000001 37.56468206
24 13 127.00332646999999 37.56468206
24 14 127.00387569 37.56468206
24 15 127.00442491000001 37.56468206
24 16 127.00497413 37.56468206
24 17 127.00552335 37.56468206
24 18 127.00607257000001 37.56468206
24 19 127.00662179 37.56468206
24 20 127.00717101000001 37.56468206
24 21 127.00772022999999 37.56468206
24 22 127.00826945 37.56468206
24 23 127.00881867000001 37.56468206
24 24 127.00936789 37.56468206
24 25 127.00991711 37.56468206
24 26 127.01046633000001 37.56468206
24 27 127.01101555 37.56468206
24 28 127.01156477 37.56468206
24 29 127.01211399000002 37.56468206
24 30 127.01266321 37.56468206
24 31 127.01321243000001 37.56468206
24 32 127.01376164999999 37.56468206
24 33 127.01431087 37.56468206
24 34 127.01486009000001 37.56468206
24 35 127.01540931 37.56468206
24 36 127.01595853 37.56468206
24 37 127.01650775000002 37.56468206
24 38 127.01705697 37.56468206
24 39 127.01760619000001 37.56468206
24 40 127.01815540999999 37.56468206
24 41 127.01870463 37.56468206
24 42 127.01925385000001 37.56468206
24 43 127.01980307 37.56468206
24 44 127.02035229 37.56468206
24 45 127.02090151000002 37.56468206
24 46 127.02145073 37.56468206
24 47 127.02199995000001 37.56468206
24 48 127.02254916999999 37.56468206
24 49 127.02309839 37.56468206
23 0 126.99618661 37.56495618
23 1 126.99673583 37.56495618
23 2 126.99728505000002 37.56495618
23 3 126.99783427 37.56495618
23 4 126.99838349000001 37.56495618
23 5 126.99893270999999 37.56495618
23 6 126.99948193 37.56495618
23 7 127.00003115000001 37.56495618
23 8 127.00058037 37.56495618
23 9 127.00112959 37.56495618
23 10 127.00167881000002 37.56495618
23 11 127.00222803 37.56495618
23 12 127.00277725000001 37.56495618
23 13 127.00332646999999 37.56495618
23 14 127.00387569 37.56495618
23 15 127.00442491000001 37.56495618
23 16 127.00497413 37.56495618
23 17 127.00552335 37.56495618
23 18 127.00607257000001 37.56495618
23 19 127.00662179 37.56495618
23 20 127.00717101000001 37.56495618
23 21 127.00772022999999 37.56495618
23 22 127.00826945 37.56495618
23 23 127.00881867000001 37.56495618
23 24 127.00936789 37.56495618
23 25 127.00991711 37.56495618
23 26 127.01046633000001 37.56495618
23 27 127.01101555 37.56495618
23 28 127.01156477 37.56495618
23 29 127.01211399000002 37.56495618
23 30 127.01266321 37.56495618
23 31 127.01321243000001 37.56495618
23 32 127.01376164999999 37.56495618
23 33 127.01431087 37.56495618
23 34 127.01486009000001 37.56495618
23 35 127.01540931 37.56495618
23 36 127.01595853 37.56495618
23 37 127.01650775000002 37.56495618
23 38 127.01705697 37.56495618
23 39 127.01760619000001 37.56495618
23 40 127.01815540999999 37.56495618
23 41 127.01870463 37.56495618
23 42 127.01925385000001 37.56495618
23 43 127.01980307 37.56495618
23 44 127.02035229 37.56495618
23 45 127.02090151000002 37.56495618
23 46 127.02145073 37.56495618
23 47 127.02199995000001 37.56495618
23 48 127.02254916999999 37.56495618
23 49 127.02309839 37.56495618
22 0 126.99618661 37.5652303
22 1 126.99673583 37.5652303
22 2 126.99728505000002 37.5652303
22 3 126.99783427 37.5652303
22 4 126.99838349000001 37.5652303
22 5 126.99893270999999 37.5652303
22 6 126.99948193 37.5652303
22 7 127.00003115000001 37.5652303
22 8 127.00058037 37.5652303
22 9 127.00112959 37.5652303
22 10 127.00167881000002 37.5652303
22 11 127.00222803 37.5652303
22 12 127.00277725000001 37.5652303
22 13 127.00332646999999 37.5652303
22 14 127.00387569 37.5652303
22 15 127.00442491000001 37.5652303
22 16 127.00497413 37.5652303
22 17 127.00552335 37.5652303
22 18 127.00607257000001 37.5652303
22 19 127.00662179 37.5652303
22 20 127.00717101000001 37.5652303
22 21 127.00772022999999 37.5652303
22 22 127.00826945 37.5652303
22 23 127.00881867000001 37.5652303
22 24 127.00936789 37.5652303
22 25 127.00991711 37.5652303
22 26 127.01046633000001 37.5652303
22 27 127.01101555 37.5652303
22 28 127.01156477 37.5652303
22 29 127.01211399000002 37.5652303
22 30 127.01266321 37.5652303
22 31 127.01321243000001 37.5652303
22 32 127.01376164999999 37.5652303
22 33 127.01431087 37.5652303
22 34 127.01486009000001 37.5652303
22 35 127.01540931 37.5652303
22 36 127.01595853 37.5652303
22 37 127.01650775000002 37.5652303
22 38 127.01705697 37.5652303
22 39 127.01760619000001 37.5652303
22 40 127.01815540999999 37.5652303
22 41 127.01870463 37.5652303
22 42 127.01925385000001 37.5652303
22 43 127.01980307 37.5652303
22 44 127.02035229 37.5652303
22 45 127.02090151000002 37.5652303
22 46 127.02145073 37.5652303
22 47 127.02199995000001 37.5652303
22 48 127.02254916999999 37.5652303
22 49 127.02309839 37.5652303
21 0 126.99618661 37.56550442
21 1 126.99673583 37.56550442
21 2 126.99728505000002 37.56550442
21 3 126.99783427 37.56550442
21 4 126.99838349000001 37.56550442
21 5 126.99893270999999 37.56550442
21 6 126.99948193 37.56550442
21 7 127.00003115000001 37.56550442
21 8 127.00058037 37.56550442
21 9 127.00112959 37.56550442
21 10 127.00167881000002 37.56550442
21 11 127.00222803 37.56550442
21 12 127.00277725000001 37.56550442
21 13 127.00332646999999 37.56550442
21 14 127.00387569 37.56550442
21 15 127.00442491000001 37.56550442
21 16 127.00497413 37.56550442
21 17 127.00552335 37.56550442
21 18 127.00607257000001 37.56550442
21 19 127.00662179 37.56550442
21 20 127.00717101000001 37.56550442
21 21 127.00772022999999 37.56550442
21 22 127.00826945 37.56550442
21 23 127.00881867000001 37.56550442
21 24 127.00936789 37.56550442
21 25 127.00991711 37.56550442
21 26 127.01046633000001 37.56550442
21 27 127.01101555 37.56550442
21 28 127.01156477 37.56550442
21 29 127.01211399000002 37.56550442
21 30 127.01266321 37.56550442
21 31 127.01321243000001 37.56550442
21 32 127.01376164999999 37.56550442
21 33 127.01431087 37.56550442
21 34 127.01486009000001 37.56550442
21 35 127.01540931 37.56550442
21 36 127.01595853 37.56550442
21 37 127.01650775000002 37.56550442
21 38 127.01705697 37.56550442
21 39 127.01760619000001 37.56550442
21 40 127.01815540999999 37.56550442
21 41 127.01870463 37.56550442
21 42 127.01925385000001 37.56550442
21 43 127.01980307 37.56550442
21 44 127.02035229 37.56550442
21 45 127.02090151000002 37.56550442
21 46 127.02145073 37.56550442
21 47 127.02199995000001 37.56550442
21 48 127.02254916999999 37.56550442
21 49 127.02309839 37.56550442
20 0 126.99618661 37.565778540000004
20 1 126.99673583 37.565778540000004
20 2 126.99728505000002 37.565778540000004
20 3 126.99783427 37.565778540000004
20 4 126.99838349000001 37.565778540000004
20 5 126.99893270999999 37.565778540000004
20 6 126.99948193 37.565778540000004
20 7 127.00003115000001 37.565778540000004
20 8 127.00058037 37.565778540000004
20 9 127.00112959 37.565778540000004
20 10 127.00167881000002 37.565778540000004
20 11 127.00222803 37.565778540000004
20 12 127.00277725000001 37.565778540000004
20 13 127.00332646999999 37.565778540000004
20 14 127.00387569 37.565778540000004
20 15 127.00442491000001 37.565778540000004
20 16 127.00497413 37.565778540000004
20 17 127.00552335 37.565778540000004
20 18 127.00607257000001 37.565778540000004
20 19 127.00662179 37.565778540000004
20 20 127.00717101000001 37.565778540000004
20 21 127.00772022999999 37.565778540000004
20 22 127.00826945 37.565778540000004
20 23 127.00881867000001 37.565778540000004
20 24 127.00936789 37.565778540000004
20 25 127.00991711 37.565778540000004
20 26 127.01046633000001 37.565778540000004
20 27 127.01101555 37.565778540000004
20 28 127.01156477 37.565778540000004
20 29 127.01211399000002 37.565778540000004
20 30 127.01266321 37.565778540000004
20 31 127.01321243000001 37.565778540000004
20 32 127.01376164999999 37.565778540000004
20 33 127.01431087 37.565778540000004
20 34 127.01486009000001 37.565778540000004
20 35 127.01540931 37.565778540000004
20 36 127.01595853 37.565778540000004
20 37 127.01650775000002 37.565778540000004
20 38 127.01705697 37.565778540000004
20 39 127.01760619000001 37.565778540000004
20 40 127.01815540999999 37.565778540000004
20 41 127.01870463 37.565778540000004
20 42 127.01925385000001 37.565778540000004
20 43 127.01980307 37.565778540000004
20 44 127.02035229 37.565778540000004
20 45 127.02090151000002 37.565778540000004
20 46 127.02145073 37.565778540000004
20 47 127.02199995000001 37.565778540000004
20 48 127.02254916999999 37.565778540000004
20 49 127.02309839 37.565778540000004
19 0 126.99618661 37.566052660000004
19 1 126.99673583 37.566052660000004
19 2 126.99728505000002 37.566052660000004
19 3 126.99783427 37.566052660000004
19 4 126.99838349000001 37.566052660000004
19 5 126.99893270999999 37.566052660000004
19 6 126.99948193 37.566052660000004
19 7 127.00003115000001 37.566052660000004
19 8 127.00058037 37.566052660000004
19 9 127.00112959 37.566052660000004
19 10 127.00167881000002 37.566052660000004
19 11 127.00222803 37.566052660000004
19 12 127.00277725000001 37.566052660000004
19 13 127.00332646999999 37.566052660000004
19 14 127.00387569 37.566052660000004
19 15 127.00442491000001 37.566052660000004
19 16 127.00497413 37.566052660000004
19 17 127.00552335 37.566052660000004
19 18 127.00607257000001 37.566052660000004
19 19 127.00662179 37.566052660000004
19 20 127.00717101000001 37.566052660000004
19 21 127.00772022999999 37.566052660000004
19 22 127.00826945 37.566052660000004
19 23 127.00881867000001 37.566052660000004
19 24 127.00936789 37.566052660000004
19 25 127.00991711 37.566052660000004
19 26 127.01046633000001 37.566052660000004
19 27 127.01101555 37.566052660000004
19 28 127.01156477 37.566052660000004
19 29 127.01211399000002 37.566052660000004
19 30 127.01266321 37.566052660000004
19 31 127.01321243000001 37.566052660000004
19 32 127.01376164999999 37.566052660000004
19 33 127.01431087 37.566052660000004
19 34 127.01486009000001 37.566052660000004
19 35 127.01540931 37.566052660000004
19 36 127.01595853 37.566052660000004
19 37 127.01650775000002 37.566052660000004
19 38 127.01705697 37.566052660000004
19 39 127.01760619000001 37.566052660000004
19 40 127.01815540999999 37.566052660000004
19 41 127.01870463 37.566052660000004
19 42 127.01925385000001 37.566052660000004
19 43 127.01980307 37.566052660000004
19 44 127.02035229 37.566052660000004
19 45 127.02090151000002 37.566052660000004
19 46 127.02145073 37.566052660000004
19 47 127.02199995000001 37.566052660000004
19 48 127.02254916999999 37.566052660000004
19 49 127.02309839 37.566052660000004
18 0 126.99618661 37.566326780000004
18 1 126.99673583 37.566326780000004
18 2 126.99728505000002 37.566326780000004
18 3 126.99783427 37.566326780000004
18 4 126.99838349000001 37.566326780000004
18 5 126.99893270999999 37.566326780000004
18 6 126.99948193 37.566326780000004
18 7 127.00003115000001 37.566326780000004
18 8 127.00058037 37.566326780000004
18 9 127.00112959 37.566326780000004
18 10 127.00167881000002 37.566326780000004
18 11 127.00222803 37.566326780000004
18 12 127.00277725000001 37.566326780000004
18 13 127.00332646999999 37.566326780000004
18 14 127.00387569 37.566326780000004
18 15 127.00442491000001 37.566326780000004
18 16 127.00497413 37.566326780000004
18 17 127.00552335 37.566326780000004
18 18 127.00607257000001 37.566326780000004
18 19 127.00662179 37.566326780000004
18 20 127.00717101000001 37.566326780000004
18 21 127.00772022999999 37.566326780000004
18 22 127.00826945 37.566326780000004
18 23 127.00881867000001 37.566326780000004
18 24 127.00936789 37.566326780000004
18 25 127.00991711 37.566326780000004
18 26 127.01046633000001 37.566326780000004
18 27 127.01101555 37.566326780000004
18 28 127.01156477 37.566326780000004
18 29 127.01211399000002 37.566326780000004
18 30 127.01266321 37.566326780000004
18 31 127.01321243000001 37.566326780000004
18 32 127.01376164999999 37.566326780000004
18 33 127.01431087 37.566326780000004
18 34 127.01486009000001 37.566326780000004
18 35 127.01540931 37.566326780000004
18 36 127.01595853 37.566326780000004
18 37 127.01650775000002 37.566326780000004
18 38 127.01705697 37.566326780000004
18 39 127.01760619000001 37.566326780000004
18 40 127.01815540999999 37.566326780000004
18 41 127.01870463 37.566326780000004
18 42 127.01925385000001 37.566326780000004
18 43 127.01980307 37.566326780000004
18 44 127.02035229 37.566326780000004
18 45 127.02090151000002 37.566326780000004
18 46 127.02145073 37.566326780000004
18 47 127.02199995000001 37.566326780000004
18 48 127.02254916999999 37.566326780000004
18 49 127.02309839 37.566326780000004
17 0 126.99618661 37.566600900000005
17 1 126.99673583 37.566600900000005
17 2 126.99728505000002 37.566600900000005
17 3 126.99783427 37.566600900000005
17 4 126.99838349000001 37.566600900000005
17 5 126.99893270999999 37.566600900000005
17 6 126.99948193 37.566600900000005
17 7 127.00003115000001 37.566600900000005
17 8 127.00058037 37.566600900000005
17 9 127.00112959 37.566600900000005
17 10 127.00167881000002 37.566600900000005
17 11 127.00222803 37.566600900000005
17 12 127.00277725000001 37.566600900000005
17 13 127.00332646999999 37.566600900000005
17 14 127.00387569 37.566600900000005
17 15 127.00442491000001 37.566600900000005
17 16 127.00497413 37.566600900000005
17 17 127.00552335 37.566600900000005
17 18 127.00607257000001 37.566600900000005
17 19 127.00662179 37.566600900000005
17 20 127.00717101000001 37.566600900000005
17 21 127.00772022999999 37.566600900000005
17 22 127.00826945 37.566600900000005
17 23 127.00881867000001 37.566600900000005
17 24 127.00936789 37.566600900000005
17 25 127.00991711 37.566600900000005
17 26 127.01046633000001 37.566600900000005
17 27 127.01101555 37.566600900000005
17 28 127.01156477 37.566600900000005
17 29 127.01211399000002 37.566600900000005
17 30 127.01266321 37.566600900000005
17 31 127.01321243000001 37.566600900000005
17 32 127.01376164999999 37.566600900000005
17 33 127.01431087 37.566600900000005
17 34 127.01486009000001 37.566600900000005
17 35 127.01540931 37.566600900000005
17 36 127.01595853 37.566600900000005
17 37 127.01650775000002 37.566600900000005
17 38 127.01705697 37.566600900000005
17 39 127.01760619000001 37.566600900000005
17 40 127.01815540999999 37.566600900000005
17 41 127.01870463 37.566600900000005
17 42 127.01925385000001 37.566600900000005
17 43 127.01980307 37.566600900000005
17 44 127.02035229 37.566600900000005
17 45 127.02090151000002 37.566600900000005
17 46 127.02145073 37.566600900000005
17 47 127.02199995000001 37.566600900000005
17 48 127.02254916999999 37.566600900000005
17 49 127.02309839 37.566600900000005
16 0 126.99618661 37.566875020000005
16 1 126.99673583 37.566875020000005
16 2 126.99728505000002 37.566875020000005
16 3 126.99783427 37.566875020000005
16 4 126.99838349000001 37.566875020000005
16 5 126.99893270999999 37.566875020000005
16 6 126.99948193 37.566875020000005
16 7 127.00003115000001 37.566875020000005
16 8 127.00058037 37.566875020000005
16 9 127.00112959 37.566875020000005
16 10 127.00167881000002 37.566875020000005
16 11 127.00222803 37.566875020000005
16 12 127.00277725000001 37.566875020000005
16 13 127.00332646999999 37.566875020000005
16 14 127.00387569 37.566875020000005
16 15 127.00442491000001 37.566875020000005
16 16 127.00497413 37.566875020000005
16 17 127.00552335 37.566875020000005
16 18 127.00607257000001 37.566875020000005
16 19 127.00662179 37.566875020000005
16 20 127.00717101000001 37.566875020000005
16 21 127.00772022999999 37.566875020000005
16 22 127.00826945 37.566875020000005
16 23 127.00881867000001 37.566875020000005
16 24 127.00936789 37.566875020000005
16 25 127.00991711 37.566875020000005
16 26 127.01046633000001 37.566875020000005
16 27 127.01101555 37.566875020000005
16 28 127.01156477 37.566875020000005
16 29 127.01211399000002 37.566875020000005
16 30 127.01266321 37.566875020000005
16 31 127.01321243000001 37.566875020000005
16 32 127.01376164999999 37.566875020000005
16 33 127.01431087 37.566875020000005
16 34 127.01486009000001 37.566875020000005
16 35 127.01540931 37.566875020000005
16 36 127.01595853 37.566875020000005
16 37 127.01650775000002 37.566875020000005
16 38 127.01705697 37.566875020000005
16 39 127.01760619000001 37.566875020000005
16 40 127.01815540999999 37.566875020000005
16 41 127.01870463 37.566875020000005
16 42 127.01925385000001 37.566875020000005
16 43 127.01980307 37.566875020000005
16 44 127.02035229 37.566875020000005
16 45 127.02090151000002 37.566875020000005
16 46 127.02145073 37.566875020000005
16 47 127.02199995000001 37.566875020000005
16 48 127.02254916999999 37.566875020000005
16 49 127.02309839 37.566875020000005
15 0 126.99618661 37.567149140000005
15 1 126.99673583 37.567149140000005
15 2 126.99728505000002 37.567149140000005
15 3 126.99783427 37.567149140000005
15 4 126.99838349000001 37.567149140000005
15 5 126.99893270999999 37.567149140000005
15 6 126.99948193 37.567149140000005
15 7 127.00003115000001 37.567149140000005
15 8 127.00058037 37.567149140000005
15 9 127.00112959 37.567149140000005
15 10 127.00167881000002 37.567149140000005
15 11 127.00222803 37.567149140000005
15 12 127.00277725000001 37.567149140000005
15 13 127.00332646999999 37.567149140000005
15 14 127.00387569 37.567149140000005
15 15 127.00442491000001 37.567149140000005
15 16 127.00497413 37.567149140000005
15 17 127.00552335 37.567149140000005
15 18 127.00607257000001 37.567149140000005
15 19 127.00662179 37.567149140000005
15 20 127.00717101000001 37.567149140000005
15 21 127.00772022999999 37.567149140000005
15 22 127.00826945 37.567149140000005
15 23 127.00881867000001 37.567149140000005
15 24 127.00936789 37.567149140000005
15 25 127.00991711 37.567149140000005
15 26 127.01046633000001 37.567149140000005
15 27 127.01101555 37.567149140000005
15 28 127.01156477 37.567149140000005
15 29 127.01211399000002 37.567149140000005
15 30 127.01266321 37.567149140000005
15 31 127.01321243000001 37.567149140000005
15 32 127.01376164999999 37.567149140000005
15 33 127.01431087 37.567149140000005
15 34 127.01486009000001 37.567149140000005
15 35 127.01540931 37.567149140000005
15 36 127.01595853 37.567149140000005
15 37 127.01650775000002 37.567149140000005
15 38 127.01705697 37.567149140000005
15 39 127.01760619000001 37.567149140000005
15 40 127.01815540999999 37.567149140000005
15 41 127.01870463 37.567149140000005
15 42 127.01925385000001 37.567149140000005
15 43 127.01980307 37.567149140000005
15 44 127.02035229 37.567149140000005
15 45 127.02090151000002 37.567149140000005
15 46 127.02145073 37.567149140000005
15 47 127.02199995000001 37.567149140000005
15 48 127.02254916999999 37.567149140000005
15 49 127.02309839 37.567149140000005
14 0 126.99618661 37.567423260000005
14 1 126.99673583 37.567423260000005
14 2 126.99728505000002 37.567423260000005
14 3 126.99783427 37.567423260000005
14 4 126.99838349000001 37.567423260000005
14 5 126.99893270999999 37.567423260000005
14 6 126.99948193 37.567423260000005
14 7 127.00003115000001 37.567423260000005
14 8 127.00058037 37.567423260000005
14 9 127.00112959 37.567423260000005
14 10 127.00167881000002 37.567423260000005
14 11 127.00222803 37.567423260000005
14 12 127.00277725000001 37.567423260000005
14 13 127.00332646999999 37.567423260000005
14 14 127.00387569 37.567423260000005
14 15 127.00442491000001 37.567423260000005
14 16 127.00497413 37.567423260000005
14 17 127.00552335 37.567423260000005
14 18 127.00607257000001 37.567423260000005
14 19 127.00662179 37.567423260000005
14 20 127.00717101000001 37.567423260000005
14 21 127.00772022999999 37.567423260000005
14 22 127.00826945 37.567423260000005
14 23 127.00881867000001 37.567423260000005
14 24 127.00936789 37.567423260000005
14 25 127.00991711 37.567423260000005
14 26 127.01046633000001 37.567423260000005
14 27 127.01101555 37.567423260000005
14 28 127.01156477 37.567423260000005
14 29 127.01211399000002 37.567423260000005
14 30 127.01266321 37.567423260000005
14 31 127.01321243000001 37.567423260000005
14 32 127.01376164999999 37.567423260000005
14 33 127.01431087 37.567423260000005
14 34 127.01486009000001 37.567423260000005
14 35 127.01540931 37.567423260000005
14 36 127.01595853 37.567423260000005
14 37 127.01650775000002 37.567423260000005
14 38 127.01705697 37.567423260000005
14 39 127.01760619000001 37.567423260000005
14 40 127.01815540999999 37.567423260000005
14 41 127.01870463 37.567423260000005
14 42 127.01925385000001 37.567423260000005
14 43 127.01980307 37.567423260000005
14 44 127.02035229 37.567423260000005
14 45 127.02090151000002 37.567423260000005
14 46 127.02145073 37.567423260000005
14 47 127.02199995000001 37.567423260000005
14 48 127.02254916999999 37.567423260000005
14 49 127.02309839 37.567423260000005
13 0 126.99618661 37.567697380000006
13 1 126.99673583 37.567697380000006
13 2 126.99728505000002 37.567697380000006
13 3 126.99783427 37.567697380000006
13 4 126.99838349000001 37.567697380000006
13 5 126.99893270999999 37.567697380000006
13 6 126.99948193 37.567697380000006
13 7 127.00003115000001 37.567697380000006
13 8 127.00058037 37.567697380000006
13 9 127.00112959 37.567697380000006
13 10 127.00167881000002 37.567697380000006
13 11 127.00222803 37.567697380000006
13 12 127.00277725000001 37.567697380000006
13 13 127.00332646999999 37.567697380000006
13 14 127.00387569 37.567697380000006
13 15 127.00442491000001 37.567697380000006
13 16 127.00497413 37.567697380000006
13 17 127.00552335 37.567697380000006
13 18 127.00607257000001 37.567697380000006
13 19 127.00662179 37.567697380000006
13 20 127.00717101000001 37.567697380000006
13 21 127.00772022999999 37.567697380000006
13 22 127.00826945 37.567697380000006
13 23 127.00881867000001 37.567697380000006
13 24 127.00936789 37.567697380000006
13 25 127.00991711 37.567697380000006
13 26 127.01046633000001 37.567697380000006
13 27 127.01101555 37.567697380000006
13 28 127.01156477 37.567697380000006
13 29 127.01211399000002 37.567697380000006
13 30 127.01266321 37.567697380000006
13 31 127.01321243000001 37.567697380000006
13 32 127.01376164999999 37.567697380000006
13 33 127.01431087 37.567697380000006
13 34 127.01486009000001 37.567697380000006
13 35 127.01540931 37.567697380000006
13 36 127.01595853 37.567697380000006
13 37 127.01650775000002 37.567697380000006
13 38 127.01705697 37.567697380000006
13 39 127.01760619000001 37.567697380000006
13 40 127.01815540999999 37.567697380000006
13 41 127.01870463 37.567697380000006
13 42 127.01925385000001 37.567697380000006
13 43 127.01980307 37.567697380000006
13 44 127.02035229 37.567697380000006
13 45 127.02090151000002 37.567697380000006
13 46 127.02145073 37.567697380000006
13 47 127.02199995000001 37.567697380000006
13 48 127.02254916999999 37.567697380000006
13 49 127.02309839 37.567697380000006
12 0 126.99618661 37.567971500000006
12 1 126.99673583 37.567971500000006
12 2 126.99728505000002 37.567971500000006
12 3 126.99783427 37.567971500000006
12 4 126.99838349000001 37.567971500000006
12 5 126.99893270999999 37.567971500000006
12 6 126.99948193 37.567971500000006
12 7 127.00003115000001 37.567971500000006
12 8 127.00058037 37.567971500000006
12 9 127.00112959 37.567971500000006
12 10 127.00167881000002 37.567971500000006
12 11 127.00222803 37.567971500000006
12 12 127.00277725000001 37.567971500000006
12 13 127.00332646999999 37.567971500000006
12 14 127.00387569 37.567971500000006
12 15 127.00442491000001 37.567971500000006
12 16 127.00497413 37.567971500000006
12 17 127.00552335 37.567971500000006
12 18 127.00607257000001 37.567971500000006
12 19 127.00662179 37.567971500000006
12 20 127.00717101000001 37.567971500000006
12 21 127.00772022999999 37.567971500000006
12 22 127.00826945 37.567971500000006
12 23 127.00881867000001 37.567971500000006
12 24 127.00936789 37.567971500000006
12 25 127.00991711 37.567971500000006
12 26 127.01046633000001 37.567971500000006
12 27 127.01101555 37.567971500000006
12 28 127.01156477 37.567971500000006
12 29 127.01211399000002 37.567971500000006
12 30 127.01266321 37.567971500000006
12 31 127.01321243000001 37.567971500000006
12 32 127.01376164999999 37.567971500000006
12 33 127.01431087 37.567971500000006
12 34 127.01486009000001 37.567971500000006
12 35 127.01540931 37.567971500000006
12 36 127.01595853 37.567971500000006
12 37 127.01650775000002 37.567971500000006
12 38 127.01705697 37.567971500000006
12 39 127.01760619000001 37.567971500000006
12 40 127.01815540999999 37.567971500000006
12 41 127.01870463 37.567971500000006
12 42 127.01925385000001 37.567971500000006
12 43 127.01980307 37.567971500000006
12 44 127.02035229 37.567971500000006
12 45 127.02090151000002 37.567971500000006
12 46 127.02145073 37.567971500000006
12 47 127.02199995000001 37.567971500000006
12 48 127.02254916999999 37.567971500000006
12 49 127.02309839 37.567971500000006
11 0 126.99618661 37.56824562
11 1 126.99673583 37.56824562
11 2 126.99728505000002 37.56824562
11 3 126.99783427 37.56824562
11 4 126.99838349000001 37.56824562
11 5 126.99893270999999 37.56824562
11 6 126.99948193 37.56824562
11 7 127.00003115000001 37.56824562
11 8 127.00058037 37.56824562
11 9 127.00112959 37.56824562
11 10 127.00167881000002 37.56824562
11 11 127.00222803 37.56824562
11 12 127.00277725000001 37.56824562
11 13 127.00332646999999 37.56824562
11 14 127.00387569 37.56824562
11 15 127.00442491000001 37.56824562
11 16 127.00497413 37.56824562
11 17 127.00552335 37.56824562
11 18 127.00607257000001 37.56824562
11 19 127.00662179 37.56824562
11 20 127.00717101000001 37.56824562
11 21 127.00772022999999 37.56824562
11 22 127.00826945 37.56824562
11 23 127.00881867000001 37.56824562
11 24 127.00936789 37.56824562
11 25 127.00991711 37.56824562
11 26 127.01046633000001 37.56824562
11 27 127.01101555 37.56824562
11 28 127.01156477 37.56824562
11 29 127.01211399000002 37.56824562
11 30 127.01266321 37.56824562
11 31 127.01321243000001 37.56824562
11 32 127.01376164999999 37.56824562
11 33 127.01431087 37.56824562
11 34 127.01486009000001 37.56824562
11 35 127.01540931 37.56824562
11 36 127.01595853 37.56824562
11 37 127.01650775000002 37.56824562
11 38 127.01705697 37.56824562
11 39 127.01760619000001 37.56824562
11 40 127.01815540999999 37.56824562
11 41 127.01870463 37.56824562
11 42 127.01925385000001 37.56824562
11 43 127.01980307 37.56824562
11 44 127.02035229 37.56824562
11 45 127.02090151000002 37.56824562
11 46 127.02145073 37.56824562
11 47 127.02199995000001 37.56824562
11 48 127.02254916999999 37.56824562
11 49 127.02309839 37.56824562
10 0 126.99618661 37.56851974
10 1 126.99673583 37.56851974
10 2 126.99728505000002 37.56851974
10 3 126.99783427 37.56851974
10 4 126.99838349000001 37.56851974
10 5 126.99893270999999 37.56851974
10 6 126.99948193 37.56851974
10 7 127.00003115000001 37.56851974
10 8 127.00058037 37.56851974
10 9 127.00112959 37.56851974
10 10 127.00167881000002 37.56851974
10 11 127.00222803 37.56851974
10 12 127.00277725000001 37.56851974
10 13 127.00332646999999 37.56851974
10 14 127.00387569 37.56851974
10 15 127.00442491000001 37.56851974
10 16 127.00497413 37.56851974
10 17 127.00552335 37.56851974
10 18 127.00607257000001 37.56851974
10 19 127.00662179 37.56851974
10 20 127.00717101000001 37.56851974
10 21 127.00772022999999 37.56851974
10 22 127.00826945 37.56851974
10 23 127.00881867000001 37.56851974
10 24 127.00936789 37.56851974
10 25 127.00991711 37.56851974
10 26 127.01046633000001 37.56851974
10 27 127.01101555 37.56851974
10 28 127.01156477 37.56851974
10 29 127.01211399000002 37.56851974
10 30 127.01266321 37.56851974
10 31 127.01321243000001 37.56851974
10 32 127.01376164999999 37.56851974
10 33 127.01431087 37.56851974
10 34 127.01486009000001 37.56851974
10 35 127.01540931 37.56851974
10 36 127.01595853 37.56851974
10 37 127.01650775000002 37.56851974
10 38 127.01705697 37.56851974
10 39 127.01760619000001 37.56851974
10 40 127.01815540999999 37.56851974
10 41 127.01870463 37.56851974
10 42 127.01925385000001 37.56851974
10 43 127.01980307 37.56851974
10 44 127.02035229 37.56851974
10 45 127.02090151000002 37.56851974
10 46 127.02145073 37.56851974
10 47 127.02199995000001 37.56851974
10 48 127.02254916999999 37.56851974
10 49 127.02309839 37.56851974
9 0 126.99618661 37.56879386
9 1 126.99673583 37.56879386
9 2 126.99728505000002 37.56879386
9 3 126.99783427 37.56879386
9 4 126.99838349000001 37.56879386
9 5 126.99893270999999 37.56879386
9 6 126.99948193 37.56879386
9 7 127.00003115000001 37.56879386
9 8 127.00058037 37.56879386
9 9 127.00112959 37.56879386
9 10 127.00167881000002 37.56879386
9 11 127.00222803 37.56879386
9 12 127.00277725000001 37.56879386
9 13 127.00332646999999 37.56879386
9 14 127.00387569 37.56879386
9 15 127.00442491000001 37.56879386
9 16 127.00497413 37.56879386
9 17 127.00552335 37.56879386
9 18 127.00607257000001 37.56879386
9 19 127.00662179 37.56879386
9 20 127.00717101000001 37.56879386
9 21 127.00772022999999 37.56879386
9 22 127.00826945 37.56879386
9 23 127.00881867000001 37.56879386
9 24 127.00936789 37.56879386
9 25 127.00991711 37.56879386
9 26 127.01046633000001 37.56879386
9 27 127.01101555 37.56879386
9 28 127.01156477 37.56879386
9 29 127.01211399000002 37.56879386
9 30 127.01266321 37.56879386
9 31 127.01321243000001 37.56879386
9 32 127.01376164999999 37.56879386
9 33 127.01431087 37.56879386
9 34 127.01486009000001 37.56879386
9 35 127.01540931 37.56879386
9 36 127.01595853 37.56879386
9 37 127.01650775000002 37.56879386
9 38 127.01705697 37.56879386
9 39 127.01760619000001 37.56879386
9 40 127.01815540999999 37.56879386
9 41 127.01870463 37.56879386
9 42 127.01925385000001 37.56879386
9 43 127.01980307 37.56879386
9 44 127.02035229 37.56879386
9 45 127.02090151000002 37.56879386
9 46 127.02145073 37.56879386
9 47 127.02199995000001 37.56879386
9 48 127.02254916999999 37.56879386
9 49 127.02309839 37.56879386
8 0 126.99618661 37.56906798
8 1 126.99673583 37.56906798
8 2 126.99728505000002 37.56906798
8 3 126.99783427 37.56906798
8 4 126.99838349000001 37.56906798
8 5 126.99893270999999 37.56906798
8 6 126.99948193 37.56906798
8 7 127.00003115000001 37.56906798
8 8 127.00058037 37.56906798
8 9 127.00112959 37.56906798
8 10 127.00167881000002 37.56906798
8 11 127.00222803 37.56906798
8 12 127.00277725000001 37.56906798
8 13 127.00332646999999 37.56906798
8 14 127.00387569 37.56906798
8 15 127.00442491000001 37.56906798
8 16 127.00497413 37.56906798
8 17 127.00552335 37.56906798
8 18 127.00607257000001 37.56906798
8 19 127.00662179 37.56906798
8 20 127.00717101000001 37.56906798
8 21 127.00772022999999 37.56906798
8 22 127.00826945 37.56906798
8 23 127.00881867000001 37.56906798
8 24 127.00936789 37.56906798
8 25 127.00991711 37.56906798
8 26 127.01046633000001 37.56906798
8 27 127.01101555 37.56906798
8 28 127.01156477 37.56906798
8 29 127.01211399000002 37.56906798
8 30 127.01266321 37.56906798
8 31 127.01321243000001 37.56906798
8 32 127.01376164999999 37.56906798
8 33 127.01431087 37.56906798
8 34 127.01486009000001 37.56906798
8 35 127.01540931 37.56906798
8 36 127.01595853 37.56906798
8 37 127.01650775000002 37.56906798
8 38 127.01705697 37.56906798
8 39 127.01760619000001 37.56906798
8 40 127.01815540999999 37.56906798
8 41 127.01870463 37.56906798
8 42 127.01925385000001 37.56906798
8 43 127.01980307 37.56906798
8 44 127.02035229 37.56906798
8 45 127.02090151000002 37.56906798
8 46 127.02145073 37.56906798
8 47 127.02199995000001 37.56906798
8 48 127.02254916999999 37.56906798
8 49 127.02309839 37.56906798
7 0 126.99618661 37.5693421
7 1 126.99673583 37.5693421
7 2 126.99728505000002 37.5693421
7 3 126.99783427 37.5693421
7 4 126.99838349000001 37.5693421
7 5 126.99893270999999 37.5693421
7 6 126.99948193 37.5693421
7 7 127.00003115000001 37.5693421
7 8 127.00058037 37.5693421
7 9 127.00112959 37.5693421
7 10 127.00167881000002 37.5693421
7 11 127.00222803 37.5693421
7 12 127.00277725000001 37.5693421
7 13 127.00332646999999 37.5693421
7 14 127.00387569 37.5693421
7 15 127.00442491000001 37.5693421
7 16 127.00497413 37.5693421
7 17 127.00552335 37.5693421
7 18 127.00607257000001 37.5693421
7 19 127.00662179 37.5693421
7 20 127.00717101000001 37.5693421
7 21 127.00772022999999 37.5693421
7 22 127.00826945 37.5693421
7 23 127.00881867000001 37.5693421
7 24 127.00936789 37.5693421
7 25 127.00991711 37.5693421
7 26 127.01046633000001 37.5693421
7 27 127.01101555 37.5693421
7 28 127.01156477 37.5693421
7 29 127.01211399000002 37.5693421
7 30 127.01266321 37.5693421
7 31 127.01321243000001 37.5693421
7 32 127.01376164999999 37.5693421
7 33 127.01431087 37.5693421
7 34 127.01486009000001 37.5693421
7 35 127.01540931 37.5693421
7 36 127.01595853 37.5693421
7 37 127.01650775000002 37.5693421
7 38 127.01705697 37.5693421
7 39 127.01760619000001 37.5693421
7 40 127.01815540999999 37.5693421
7 41 127.01870463 37.5693421
7 42 127.01925385000001 37.5693421
7 43 127.01980307 37.5693421
7 44 127.02035229 37.5693421
7 45 127.02090151000002 37.5693421
7 46 127.02145073 37.5693421
7 47 127.02199995000001 37.5693421
7 48 127.02254916999999 37.5693421
7 49 127.02309839 37.5693421
6 0 126.99618661 37.56961622
6 1 126.99673583 37.56961622
6 2 126.99728505000002 37.56961622
6 3 126.99783427 37.56961622
6 4 126.99838349000001 37.56961622
6 5 126.99893270999999 37.56961622
6 6 126.99948193 37.56961622
6 7 127.00003115000001 37.56961622
6 8 127.00058037 37.56961622
6 9 127.00112959 37.56961622
6 10 127.00167881000002 37.56961622
6 11 127.00222803 37.56961622
6 12 127.00277725000001 37.56961622
6 13 127.00332646999999 37.56961622
6 14 127.00387569 37.56961622
6 15 127.00442491000001 37.56961622
6 16 127.00497413 37.56961622
6 17 127.00552335 37.56961622
6 18 127.00607257000001 37.56961622
6 19 127.00662179 37.56961622
6 20 127.00717101000001 37.56961622
6 21 127.00772022999999 37.56961622
6 22 127.00826945 37.56961622
6 23 127.00881867000001 37.56961622
6 24 127.00936789 37.56961622
6 25 127.00991711 37.56961622
6 26 127.01046633000001 37.56961622
6 27 127.01101555 37.56961622
6 28 127.01156477 37.56961622
6 29 127.01211399000002 37.56961622
6 30 127.01266321 37.56961622
6 31 127.01321243000001 37.56961622
6 32 127.01376164999999 37.56961622
6 33 127.01431087 37.56961622
6 34 127.01486009000001 37.56961622
6 35 127.01540931 37.56961622
6 36 127.01595853 37.56961622
6 37 127.01650775000002 37.56961622
6 38 127.01705697 37.56961622
6 39 127.01760619000001 37.56961622
6 40 127.01815540999999 37.56961622
6 41 127.01870463 37.56961622
6 42 127.01925385000001 37.56961622
6 43 127.01980307 37.56961622
6 44 127.02035229 37.56961622
6 45 127.02090151000002 37.56961622
6 46 127.02145073 37.56961622
6 47 127.02199995000001 37.56961622
6 48 127.02254916999999 37.56961622
6 49 127.02309839 37.56961622
5 0 126.99618661 37.56989034
5 1 126.99673583 37.56989034
5 2 126.99728505000002 37.56989034
5 3 126.99783427 37.56989034
5 4 126.99838349000001 37.56989034
5 5 126.99893270999999 37.56989034
5 6 126.99948193 37.56989034
5 7 127.00003115000001 37.56989034
5 8 127.00058037 37.56989034
5 9 127.00112959 37.56989034
5 10 127.00167881000002 37.56989034
5 11 127.00222803 37.56989034
5 12 127.00277725000001 37.56989034
5 13 127.00332646999999 37.56989034
5 14 127.00387569 37.56989034
5 15 127.00442491000001 37.56989034
5 16 127.00497413 37.56989034
5 17 127.00552335 37.56989034
5 18 127.00607257000001 37.56989034
5 19 127.00662179 37.56989034
5 20 127.00717101000001 37.56989034
5 21 127.00772022999999 37.56989034
5 22 127.00826945 37.56989034
5 23 127.00881867000001 37.56989034
5 24 127.00936789 37.56989034
5 25 127.00991711 37.56989034
5 26 127.01046633000001 37.56989034
5 27 127.01101555 37.56989034
5 28 127.01156477 37.56989034
5 29 127.01211399000002 37.56989034
5 30 127.01266321 37.56989034
5 31 127.01321243000001 37.56989034
5 32 127.01376164999999 37.56989034
5 33 127.01431087 37.56989034
5 34 127.01486009000001 37.56989034
5 35 127.01540931 37.56989034
5 36 127.01595853 37.56989034
5 37 127.01650775000002 37.56989034
5 38 127.01705697 37.56989034
5 39 127.01760619000001 37.56989034
5 40 127.01815540999999 37.56989034
5 41 127.01870463 37.56989034
5 42 127.01925385000001 37.56989034
5 43 127.01980307 37.56989034
5 44 127.02035229 37.56989034
5 45 127.02090151000002 37.56989034
5 46 127.02145073 37.56989034
5 47 127.02199995000001 37.56989034
5 48 127.02254916999999 37.56989034
5 49 127.02309839 37.56989034
4 0 126.99618661 37.57016446
4 1 126.99673583 37.57016446
4 2 126.99728505000002 37.57016446
4 3 126.99783427 37.57016446
4 4 126.99838349000001 37.57016446
4 5 126.99893270999999 37.57016446
4 6 126.99948193 37.57016446
4 7 127.00003115000001 37.57016446
4 8 127.00058037 37.57016446
4 9 127.00112959 37.57016446
4 10 127.00167881000002 37.57016446
4 11 127.00222803 37.57016446
4 12 127.00277725000001 37.57016446
4 13 127.00332646999999 37.57016446
4 14 127.00387569 37.57016446
4 15 127.00442491000001 37.57016446
4 16 127.00497413 37.57016446
4 17 127.00552335 37.57016446
4 18 127.00607257000001 37.57016446
4 19 127.00662179 37.57016446
4 20 127.00717101000001 37.57016446
4 21 127.00772022999999 37.57016446
4 22 127.00826945 37.57016446
4 23 127.00881867000001 37.57016446
4 24 127.00936789 37.57016446
4 25 127.00991711 37.57016446
4 26 127.01046633000001 37.57016446
4 27 127.01101555 37.57016446
4 28 127.01156477 37.57016446
4 29 127.01211399000002 37.57016446
4 30 127.01266321 37.57016446
4 31 127.01321243000001 37.57016446
4 32 127.01376164999999 37.57016446
4 33 127.01431087 37.57016446
4 34 127.01486009000001 37.57016446
4 35 127.01540931 37.57016446
4 36 127.01595853 37.57016446
4 37 127.01650775000002 37.57016446
4 38 127.01705697 37.57016446
4 39 127.01760619000001 37.57016446
4 40 127.01815540999999 37.57016446
4 41 127.01870463 37.57016446
4 42 127.01925385000001 37.57016446
4 43 127.01980307 37.57016446
4 44 127.02035229 37.57016446
4 45 127.02090151000002 37.57016446
4 46 127.02145073 37.57016446
4 47 127.02199995000001 37.57016446
4 48 127.02254916999999 37.57016446
4 49 127.02309839 37.57016446
3 0 126.99618661 37.57043858
3 1 126.99673583 37.57043858
3 2 126.99728505000002 37.57043858
3 3 126.99783427 37.57043858
3 4 126.99838349000001 37.57043858
3 5 126.99893270999999 37.57043858
3 6 126.99948193 37.57043858
3 7 127.00003115000001 37.57043858
3 8 127.00058037 37.57043858
3 9 127.00112959 37.57043858
3 10 127.00167881000002 37.57043858
3 11 127.00222803 37.57043858
3 12 127.00277725000001 37.57043858
3 13 127.00332646999999 37.57043858
3 14 127.00387569 37.57043858
3 15 127.00442491000001 37.57043858
3 16 127.00497413 37.57043858
3 17 127.00552335 37.57043858
3 18 127.00607257000001 37.57043858
3 19 127.00662179 37.57043858
3 20 127.00717101000001 37.57043858
3 21 127.00772022999999 37.57043858
3 22 127.00826945 37.57043858
3 23 127.00881867000001 37.57043858
3 24 127.00936789 37.57043858
3 25 127.00991711 37.57043858
3 26 127.01046633000001 37.57043858
3 27 127.01101555 37.57043858
3 28 127.01156477 37.57043858
3 29 127.01211399000002 37.57043858
3 30 127.01266321 37.57043858
3 31 127.01321243000001 37.57043858
3 32 127.01376164999999 37.57043858
3 33 127.01431087 37.57043858
3 34 127.01486009000001 37.57043858
3 35 127.01540931 37.57043858
3 36 127.01595853 37.57043858
3 37 127.01650775000002 37.57043858
3 38 127.01705697 37.57043858
3 39 127.01760619000001 37.57043858
3 40 127.01815540999999 37.57043858
3 41 127.01870463 37.57043858
3 42 127.01925385000001 37.57043858
3 43 127.01980307 37.57043858
3 44 127.02035229 37.57043858
3 45 127.02090151000002 37.57043858
3 46 127.02145073 37.57043858
3 47 127.02199995000001 37.57043858
3 48 127.02254916999999 37.57043858
3 49 127.02309839 37.57043858
2 0 126.99618661 37.5707127
2 1 126.99673583 37.5707127
2 2 126.99728505000002 37.5707127
2 3 126.99783427 37.5707127
2 4 126.99838349000001 37.5707127
2 5 126.99893270999999 37.5707127
2 6 126.99948193 37.5707127
2 7 127.00003115000001 37.5707127
2 8 127.00058037 37.5707127
2 9 127.00112959 37.5707127
2 10 127.00167881000002 37.5707127
2 11 127.00222803 37.5707127
2 12 127.00277725000001 37.5707127
2 13 127.00332646999999 37.5707127
2 14 127.00387569 37.5707127
2 15 127.00442491000001 37.5707127
2 16 127.00497413 37.5707127
2 17 127.00552335 37.5707127
2 18 127.00607257000001 37.5707127
2 19 127.00662179 37.5707127
2 20 127.00717101000001 37.5707127
2 21 127.00772022999999 37.5707127
2 22 127.00826945 37.5707127
2 23 127.00881867000001 37.5707127
2 24 127.00936789 37.5707127
2 25 127.00991711 37.5707127
2 26 127.01046633000001 37.5707127
2 27 127.01101555 37.5707127
2 28 127.01156477 37.5707127
2 29 127.01211399000002 37.5707127
2 30 127.01266321 37.5707127
2 31 127.01321243000001 37.5707127
2 32 127.01376164999999 37.5707127
2 33 127.01431087 37.5707127
2 34 127.01486009000001 37.5707127
2 35 127.01540931 37.5707127
2 36 127.01595853 37.5707127
2 37 127.01650775000002 37.5707127
2 38 127.01705697 37.5707127
2 39 127.01760619000001 37.5707127
2 40 127.01815540999999 37.5707127
2 41 127.01870463 37.5707127
2 42 127.01925385000001 37.5707127
2 43 127.01980307 37.5707127
2 44 127.02035229 37.5707127
2 45 127.02090151000002 37.5707127
2 46 127.02145073 37.5707127
2 47 127.02199995000001 37.5707127
2 48 127.02254916999999 37.5707127
2 49 127.02309839 37.5707127
1 0 126.99618661 37.57098682
1 1 126.99673583 37.57098682
1 2 126.99728505000002 37.57098682
1 3 126.99783427 37.57098682
1 4 126.99838349000001 37.57098682
1 5 126.99893270999999 37.57098682
1 6 126.99948193 37.57098682
1 7 127.00003115000001 37.57098682
1 8 127.00058037 37.57098682
1 9 127.00112959 37.57098682
1 10 127.00167881000002 37.57098682
1 11 127.00222803 37.57098682
1 12 127.00277725000001 37.57098682
1 13 127.00332646999999 37.57098682
1 14 127.00387569 37.57098682
1 15 127.00442491000001 37.57098682
1 16 127.00497413 37.57098682
1 17 127.00552335 37.57098682
1 18 127.00607257000001 37.57098682
1 19 127.00662179 37.57098682
1 20 127.00717101000001 37.57098682
1 21 127.00772022999999 37.57098682
1 22 127.00826945 37.57098682
1 23 127.00881867000001 37.57098682
1 24 127.00936789 37.57098682
1 25 127.00991711 37.57098682
1 26 127.01046633000001 37.57098682
1 27 127.01101555 37.57098682
1 28 127.01156477 37.57098682
1 29 127.01211399000002 37.57098682
1 30 127.01266321 37.57098682
1 31 127.01321243000001 37.57098682
1 32 127.01376164999999 37.57098682
1 33 127.01431087 37.57098682
1 34 127.01486009000001 37.57098682
1 35 127.01540931 37.57098682
1 36 127.01595853 37.57098682
1 37 127.01650775000002 37.57098682
1 38 127.01705697 37.57098682
1 39 127.01760619000001 37.57098682
1 40 127.01815540999999 37.57098682
1 41 127.01870463 37.57098682
1 42 127.01925385000001 37.57098682
1 43 127.01980307 37.57098682
1 44 127.02035229 37.57098682
1 45 127.02090151000002 37.57098682
1 46 127.02145073 37.57098682
1 47 127.02199995000001 37.57098682
1 48 127.02254916999999 37.57098682
1 49 127.02309839 37.57098682
0 0 126.99618661 37.57126094
0 1 126.99673583 37.57126094
0 2 126.99728505000002 37.57126094
0 3 126.99783427 37.57126094
0 4 126.99838349000001 37.57126094
0 5 126.99893270999999 37.57126094
0 6 126.99948193 37.57126094
0 7 127.00003115000001 37.57126094
0 8 127.00058037 37.57126094
0 9 127.00112959 37.57126094
0 10 127.00167881000002 37.57126094
0 11 127.00222803 37.57126094
0 12 127.00277725000001 37.57126094
0 13 127.00332646999999 37.57126094
0 14 127.00387569 37.57126094
0 15 127.00442491000001 37.57126094
0 16 127.00497413 37.57126094
0 17 127.00552335 37.57126094
0 18 127.00607257000001 37.57126094
0 19 127.00662179 37.57126094
0 20 127.00717101000001 37.57126094
0 21 127.00772022999999 37.57126094
0 22 127.00826945 37.57126094
0 23 127.00881867000001 37.57126094
0 24 127.00936789 37.57126094
0 25 127.00991711 37.57126094
0 26 127.01046633000001 37.57126094
0 27 127.01101555 37.57126094
0 28 127.01156477 37.57126094
0 29 127.01211399000002 37.57126094
0 30 127.01266321 37.57126094
0 31 127.01321243000001 37.57126094
0 32 127.01376164999999 37.57126094
0 33 127.01431087 37.57126094
0 34 127.01486009000001 37.57126094
0 35 127.01540931 37.57126094
0 36 127.01595853 37.57126094
0 37 127.01650775000002 37.57126094
0 38 127.01705697 37.57126094
0 39 127.01760619000001 37.57126094
0 40 127.01815540999999 37.57126094
0 41 127.01870463 37.57126094
0 42 127.01925385000001 37.57126094
0 43 127.01980307 37.57126094
0 44 127.02035229 37.57126094
0 45 127.02090151000002 37.57126094
0 46 127.02145073 37.57126094
0 47 127.02199995000001 37.57126094
0 48 127.02254916999999 37.57126094
0 49 127.02309839 37.57126094