0 17 22 29 30 42
0 17 21 22 30 41 42
0 17 21 30 41
0 17 19 20 21 30 31 41
0 13 14 15 16 17 18 19 31 41
0 12 13 17 18 31 41
0 12 17 18 31 32 35 36 37 38 39 41
0 12 17 32 34 35 36 39 41
0 12 17 32 33 34 39 40 41
0 12 17 32
0 12 17 18 32 33
0 12 18 33
0 12 18 33
0 12 18 33 34
0 1 12 18 34
1 2 3 12 18 19 34
3 4 5 12 19 34
4 5 6 7 12 19 34
4 7 8 9 10 12 19  34 35
4 10 11 12 19 20 35
4 11 12 13 14 20 35
4 11 12 14 15 16 20 35 36
4 11 16 17 18 20 36
0 4 11 18 19 20 21 36
0 1 2 3 4 5 6 7 8 9 10 11 18 19 20 21 22 23 24 36
4 9 10 11 12 13 14 15 16 17 18 20 24 25 26 27 36
4 11 20 27 28 29 30 31 32 33 36
4 11 20 21 25 26 27 33 34 35 36 48 49
4 11 21 24 25 36 37 38 39 40 41 42 43 44 45 46 47 48 49
4 11 21 22 23 24 25 26 36
4 11 20 21 22 26 27 28 36
4 11 17 18 19 20 21 22 28 29 36
0 1 2 3 4 5 6 7 8 11 14 15 16 22 29 30 36
3 4 8 9 10 11 12 13 14 15 16 22 30 36
3 4 11 16 22 23 30 36
3 11 16 23 30 36
3 11 16 21 22 23 24 30 36
3 11 16 20 21 24 28 29 30 31 32 33 34 35 36 37 49
3 11 16 17 18 19 20 24 27 28 29 36 37 38 39 40 41 42 43 44 45 46 47 48 49
3 11 17 24 25 26 27 29 36
3 11 17 25 29 36
3 11 17 25 29 36
3 11 25 29 36
3 11 25 26 27 28 29 30 31 32 33 34 35 36
3 11 25 26 27 28 29 30 31 32 33 34 35 36
3 11 24 25 36
3 11 24 36
0 1 2 3 4 5 6 7 11 24 36
2 3 4 7 8 9 10 11 12 13 14 15 16 17 18 19 20 21 22 23 24 36
3 23 24 36
